execute if entity @s[tag=aj.checkpoint_flag.bone.flag_2] run data modify entity @s {} merge value {transformation:[-0.8869656412457667f,-0.1667343288599909f,-0.4306873748197111f,0.3763630486170726f,-0.14998716254487604f,0.9860018577972398f,-0.07282985302833263f,2.1699392793789016f,0.4368017883677021f,-2.0419066214637e-17f,-0.8995577789551804f,-0.054711940840006607f,0.0f,0.0f,0.0f,1.0f],start_interpolation:0}
execute if entity @s[tag=aj.checkpoint_flag.bone.flag_1] run data modify entity @s {} merge value {transformation:[-0.8451685509353282f,-0.1667343288599909f,-0.5078284986976274f,0.053599186867982734f,-0.1429192146032967f,0.9860018577972398f,-0.08587452775746962f,2.106650627690189f,0.5150380749100542f,-2.0419066214637e-17f,-0.8571673007021124f,0.14284992401805954f,0.0f,0.0f,0.0f,1.0f],start_interpolation:0}
execute if entity @s[tag=aj.checkpoint_flag.bone.flag_0] run data modify entity @s {} merge value {transformation:[-0.893621161754242f,-0.1667343288599909f,0.4167023912153699f,-0.24750074709315303f,-0.1511126206121394f,0.9860018577972398f,0.0704649722353115f,2.0499283171297233f,-0.42261826174069955f,-2.0419066214637e-17f,-0.9063077870366499f,-3.031009977142085e-17f,0.0f,0.0f,0.0f,1.0f],start_interpolation:0}
execute if entity @s[tag=aj.checkpoint_flag.bone.root] run data modify entity @s {} merge value {transformation:[-1.8611627275843106f,-0.314725287613823f,2.311625438638057e-16f,0.0f,-0.314725287613823f,1.8611627275843106f,0.0f,0.0f,-2.2792669770284833e-16f,-3.854273160869985e-17f,-1.887585416666667f,0.0f,0.0f,0.0f,0.0f,1.0f],start_interpolation:0}
return 1