execute if entity @s[tag=aj.checkpoint_flag.bone.flag_2] run data modify entity @s {} merge value {transformation:[-0.8847835331767534f,-0.16960875583455068f,-0.4340402854154403f,0.3454844707447897f,-0.1513059061303006f,0.9855091009683526f,-0.07667029854277112f,2.150731121332369f,0.4407546054091207f,-0.002163758952552069f,-0.8976250308218046f,-0.07357515210638402f,0.0f,0.0f,0.0f,1.0f],start_interpolation:0}
execute if entity @s[tag=aj.checkpoint_flag.bone.flag_1] run data modify entity @s {} merge value {transformation:[-0.8435875612517756f,-0.16960875583455068f,-0.5095025970940068f,0.029139135275373873f,-0.14404788466079288f,0.9855091009683526f,-0.08956572354031367f,2.0967131645845716f,0.5173105773382494f,-0.002163758952552069f,-0.8557950015752385f,0.1204163143954595f,0.0f,0.0f,0.0f,1.0f],start_interpolation:0}
execute if entity @s[tag=aj.checkpoint_flag.bone.flag_0] run data modify entity @s {} merge value {transformation:[-0.9169116842305919f,-0.16423114865828423f,0.36373217225288157f,-0.2702898366061788f,-0.15265827109764285f,0.9864218822645716f,0.060558421834605636f,2.0468606979292474f,-0.36873895317269906f,-2.0112515052466093e-17f,-0.9295329926436727f,-3.310095832418179e-17f,0.0f,0.0f,0.0f,1.0f],start_interpolation:0}
execute if entity @s[tag=aj.checkpoint_flag.bone.root] run data modify entity @s {} merge value {transformation:[-1.858189233705695f,-0.33183049430833855f,2.311625438638057e-16f,0.0f,-0.33183049430833855f,1.858189233705695f,0.0f,0.0f,-2.2756254972677524e-16f,-4.063751527141908e-17f,-1.887585416666667f,0.0f,0.0f,0.0f,0.0f,1.0f],start_interpolation:0}
return 1