execute if entity @s[tag=aj.checkpoint_flag.bone.flag_2] run data modify entity @s {} merge value {transformation:[-0.9526351053238968f,-0.16910248347928908f,-0.2527661096461806f,0.2616663792606571f,-0.1622301874406234f,0.9855874154136219f,-0.047945936858891536f,2.0617649907399604f,0.25723087370591513f,-0.004668689262885975f,-0.9663386988799828f,-0.04932186491698661f,0.0f,0.0f,0.0f,1.0f],start_interpolation:0}
execute if entity @s[tag=aj.checkpoint_flag.bone.flag_1] run data modify entity @s {} merge value {transformation:[-0.9389438357794081f,-0.16910248347928908f,-0.29964783218469804f,-0.05853191200018265f,-0.15965583674764292f,0.9855874154136219f,-0.05592370133232075f,2.0493580222991667f,0.3047859692378607f,-0.004668689262885975f,-0.9524094268203693f,0.05214769714490244f,0.0f,0.0f,0.0f,1.0f],start_interpolation:0}
execute if entity @s[tag=aj.checkpoint_flag.bone.flag_0] run data modify entity @s {} merge value {transformation:[-0.9709010549879784f,-0.14556293159931205f,0.19016459809187586f,-0.32596236454491745f,-0.1428486859952372f,0.9893489945131667f,0.027978920015256543f,2.0379380571459476f,-0.19221184753460124f,-1.782631782576026e-17f,-0.9813534560327055f,-3.991887663824357e-17f,0.0f,0.0f,0.0f,1.0f],start_interpolation:0}
execute if entity @s[tag=aj.checkpoint_flag.bone.root] run data modify entity @s {} merge value {transformation:[-1.778266349374777f,-0.35060667518075495f,2.2196723234545778e-16f,0.0f,-0.35060667518075495f,1.778266349374777f,0.0f,0.0f,-2.1777481927932696e-16f,-4.2936934251980733e-17f,-1.8125f,0.0f,0.0f,0.0f,0.0f,1.0f],start_interpolation:0}
return 1