execute if entity @s[tag=aj.checkpoint_flag.bone.flag_2] run data modify entity @s {} merge value {transformation:[-0.8790758436554809f,-0.21217767215644626f,-0.4268562949514464f,0.257345238788375f,-0.19086607550893317f,0.9772311064626789f,-0.09267958664963175f,2.1664301307088163f,0.4368017883677021f,-2.5984270705692838e-17f,-0.8995577789551804f,-0.05512800199157317f,0f,0f,0f,1f],start_interpolation:0}
execute if entity @s[tag=aj.checkpoint_flag.bone.flag_1] run data modify entity @s {} merge value {transformation:[-0.8376505496887532f,-0.21217767215644626f,-0.5033112278147602f,-0.05677371734490744f,-0.18187176251159876f,0.9772311064626789f,-0.1092795798063527f,2.0982282197669666f,0.5150380749100542f,-2.5984270705692838e-17f,-0.8571673007021124f,0.13801127609969713f,0f,0f,0f,1f],start_interpolation:0}
execute if entity @s[tag=aj.checkpoint_flag.bone.flag_0] run data modify entity @s {} merge value {transformation:[-0.8856721615215674f,-0.21217767215644626f,0.41299571153219783f,-0.34600103259179427f,-0.19229827651069661f,0.9772311064626789f,0.08967015898694532f,2.0354308138439423f,-0.42261826174069955f,-2.5984270705692838e-17f,-0.9063077870366499f,-4.237290570652199e-17f,0f,0f,0f,1f],start_interpolation:0}
execute if entity @s[tag=aj.checkpoint_flag.bone.root] run data modify entity @s {} merge value {transformation:[-1.7712313804636055f,-0.38457203078355884f,2.2196723234545778e-16f,0f,-0.38457203078355884f,1.7712313804636055f,0f,0f,-2.169132840634102e-16f,-4.709649065406827e-17f,-1.8125f,0f,0f,0f,0f,1f],start_interpolation:0}