execute if entity @s[tag=aj.checkpoint_flag.bone.flag_2] run data modify entity @s {} merge value {transformation:[-0.9446102850308318f,-0.13342353809937404f,0.29984924361254567f,0.4056338190989776f,-0.12715484810082966f,0.9910591086973205f,0.04041642825049566f,2.139767637035805f,-0.30256082697273595f,0.00005048878492695925f,-0.9531300768690791f,0.37678753343983573f,0f,0f,0f,1f],start_interpolation:0}
execute if entity @s[tag=aj.checkpoint_flag.bone.flag_1] run data modify entity @s {} merge value {transformation:[-0.7711423361370308f,-0.13342353809937404f,0.6225252259131092f,0.11492215314288523f,-0.10378475269689706f,0.9910591086973205f,0.08384848344315148f,2.098215982880978f,-0.6281466568602962f,0.00005048878492695925f,-0.7780949652363237f,0.13972214045878087f,0f,0f,0f,1f],start_interpolation:0}
execute if entity @s[tag=aj.checkpoint_flag.bone.flag_0] run data modify entity @s {} merge value {transformation:[-0.8976918024611865f,-0.13353050999132177f,0.4199035969070088f,-0.18089409428938646f,-0.12095240896988892f,0.9910447027765485f,0.05657660172653725f,2.05674117901062f,-0.42369793787363064f,-1.635954742851662e-17f,-0.9058035424095189f,-2.2153137355615666e-17f,0f,0f,0f,1f],start_interpolation:0}
execute if entity @s[tag=aj.checkpoint_flag.bone.root] run data modify entity @s {} merge value {transformation:[-1.7963261530131667f,-0.24159594781559873f,2.2196723234545778e-16f,0f,-0.24159594781559873f,1.7963261530131667f,0f,0f,-2.199865073512253e-16f,-2.95869704179344e-17f,-1.8125f,0f,0f,0f,0f,1f],start_interpolation:0}