execute if entity @s[tag=aj.checkpoint_flag.bone.flag_2] run data modify entity @s {} merge value {transformation:[-0.8764323698466303f,-0.1848433585564277f,-0.44463381999416063f,0.37025405531626093f,-0.1648432829996882f,0.9827679954076547f,-0.08362869873616825f,2.16830321404583f,0.4524300975122061f,-2.263678273997757e-17f,-0.8917998692896829f,0.13214720883112324f,0.0f,0.0f,0.0f,1.0f],start_interpolation:0}
execute if entity @s[tag=aj.checkpoint_flag.bone.flag_1] run data modify entity @s {} merge value {transformation:[-0.982647829045691f,-0.1848433585564277f,-0.01536804702525879f,0.001761119424126767f,-0.18482075713469368f,0.9827679954076547f,-0.0028904903699307344f,2.0989954301203197f,0.01563751271619712f,-2.263678273997757e-17f,-0.999877726622636f,0.13801127609969716f,0.0f,0.0f,0.0f,1.0f],start_interpolation:0}
execute if entity @s[tag=aj.checkpoint_flag.bone.flag_0] run data modify entity @s {} merge value {transformation:[-0.8906902870883561f,-0.1848433585564277f,0.41533570191357483f,-0.2891049274531645f,-0.167524975241698f,0.9827679954076547f,0.07811817888743032f,2.0442880553929528f,-0.42261826174069955f,-2.263678273997757e-17f,-0.9063077870366499f,-3.5405142402324566e-17f,0.0f,0.0f,0.0f,1.0f],start_interpolation:0}
execute if entity @s[tag=aj.checkpoint_flag.bone.root] run data modify entity @s {} merge value {transformation:[-1.855058536098223f,-0.3489076279788007f,2.311625438638057e-16f,0.0f,-0.3489076279788007f,1.855058536098223f,0.0f,0.0f,-2.2717914984636636e-16f,-4.272886098023338e-17f,-1.887585416666667f,0.0f,0.0f,0.0f,0.0f,1.0f],start_interpolation:0}
return 1