execute if entity @s[tag=aj.checkpoint_flag.bone.flag_2] run data modify entity @s {} merge value {transformation:[-0.9712643669169584f,-0.1470682704285011f,0.18712683770792857f,0.4843881954774944f,-0.1441616780721255f,0.9891254755280949f,0.029123946105381816f,2.1784749110249586f,-0.18937513071369486f,0.0013105321398620088f,-0.9819039374463682f,0.17487754984651085f,0.0f,0.0f,0.0f,1.0f],start_interpolation:0}
execute if entity @s[tag=aj.checkpoint_flag.bone.flag_1] run data modify entity @s {} merge value {transformation:[-0.987700281880706f,-0.1470682704285011f,0.053094980986371165f,0.10360604576740129f,-0.14678498653550906f,0.9891254755280949f,0.00921745024888957f,2.1093848336509056f,-0.05387319278216446f,0.0013105321398620088f,-0.9985469250891348f,0.15399274731423865f,0.0f,0.0f,0.0f,1.0f],start_interpolation:0}
execute if entity @s[tag=aj.checkpoint_flag.bone.flag_0] run data modify entity @s {} merge value {transformation:[-0.883522692644439f,-0.14964832629503702f,0.4438389685678968f,-0.19825224234010846f,-0.1337235142606307f,0.9887392873943537f,0.06717621079439326f,2.055360457298915f,-0.44889383301189073f,-1.8326634379497576e-17f,-0.8935850976173969f,-2.4278897400559918e-17f,0.0f,0.0f,0.0f,1.0f],start_interpolation:0}
execute if entity @s[tag=aj.checkpoint_flag.bone.root] run data modify entity @s {} merge value {transformation:[-1.7936431426870951f,-0.2607691060911191f,2.2196723234545778e-16f,0.0f,-0.2607691060911191f,1.7936431426870951f,0.0f,0.0f,-2.1965793335043505e-16f,-3.1935005109100555e-17f,-1.8125f,0.0f,0.0f,0.0f,0.0f,1.0f],start_interpolation:0}
return 1