execute if entity @s[tag=aj.checkpoint_flag.bone.flag_2] run data modify entity @s {} merge value {transformation:[-0.967279156421459f,-0.16847813396835232f,-0.1897001632237898f,0.22771986014457912f,-0.16450571608331582f,0.9856964114874379f,-0.0366122077551059f,2.0309109534911776f,0.19315512659131268f,-0.004207464239834605f,-0.9811592094640729f,-0.0367163973372998f,0.0f,0.0f,0.0f,1.0f],start_interpolation:0}
execute if entity @s[tag=aj.checkpoint_flag.bone.flag_1] run data modify entity @s {} merge value {transformation:[-0.9594887773662578f,-0.16847813396835232f,-0.2258238350634087f,-0.08814339562343954f,-0.16301775652568273f,0.9856964114874379f,-0.04275272433565815f,2.033596748572553f,0.22979664306846803f,-0.004207464239834605f,-0.9732295721355437f,0.036457115629581135f,0.0f,0.0f,0.0f,1.0f],start_interpolation:0}
execute if entity @s[tag=aj.checkpoint_flag.bone.flag_0] run data modify entity @s {} merge value {transformation:[-0.9797771317637584f,-0.13998752649075147f,0.14296945303030326f,-0.34071050458405056f,-0.13852055205963354f,0.9901532671394875f,0.020212971827348776f,2.035294255652014f,-0.14439123494823808f,-1.8010889361733815e-17f,-0.9895206775354028f,-4.172500288747371e-17f,0.0f,0.0f,0.0f,1.0f],start_interpolation:0}
execute if entity @s[tag=aj.checkpoint_flag.bone.root] run data modify entity @s {} merge value {transformation:[-1.8504320079048326f,-0.3726661902211736f,2.311625438638057e-16f,0.0f,-0.3726661902211736f,1.8504320079048326f,0.0f,0.0f,-2.2661256355204633e-16f,-4.5638445700479885e-17f,-1.887585416666667f,0.0f,0.0f,0.0f,0.0f,1.0f],start_interpolation:0}
return 1