execute if entity @s[tag=aj.checkpoint_flag.bone.flag_2] run data modify entity @s {} merge value {transformation:[-0.9071805236544134f,-0.1638868543785782f,-0.38751076948131247f,0.39781971460168697f,-0.15096069667933049f,0.986478946097554f,-0.06379778181371339f,2.1761738052323114f,0.3927268332571578f,0.0006227906178878717f,-0.9196549606084072f,-0.03549747265343381f,0.0f,0.0f,0.0f,1.0f],start_interpolation:0}
execute if entity @s[tag=aj.checkpoint_flag.bone.flag_1] run data modify entity @s {} merge value {transformation:[-0.866940081711011f,-0.1638868543785782f,-0.4706973482874108f,0.06482876361470871f,-0.14432866570821098f,0.986478946097554f,-0.07764357771990216f,2.109362631797555f,0.4770577857846919f,0.0006227906178878717f,-0.8788717091555818f,0.14874490821235933f,0.0f,0.0f,0.0f,1.0f],start_interpolation:0}
execute if entity @s[tag=aj.checkpoint_flag.bone.flag_0] run data modify entity @s {} merge value {transformation:[-0.8878103857494275f,-0.16515654422939594f,0.4295532968720602f,-0.23714333702690774f,-0.1486693166548666f,0.9862673653214952f,0.07193134495594675f,2.051211236644579f,-0.43553433072586556f,-2.02258433248768e-17f,-0.9001721206298118f,-2.9041682862912457e-17f,0.0f,0.0f,0.0f,1.0f],start_interpolation:0}
execute if entity @s[tag=aj.checkpoint_flag.bone.root] run data modify entity @s {} merge value {transformation:[-1.8625478445998247f,-0.3064216568541173f,2.311625438638057e-16f,0.0f,-0.3064216568541173f,1.8625478445998247f,0.0f,0.0f,-2.2809632561479773e-16f,-3.752583012558234e-17f,-1.887585416666667f,0.0f,0.0f,0.0f,0.0f,1.0f],start_interpolation:0}
return 1