execute if entity @s[tag=aj.checkpoint_flag.bone.flag_2] run data modify entity @s {} merge value {transformation:[-0.8704421922251845f,-0.2011463079094006f,-0.4493000698960903f,0.3140584860112015f,-0.17873945144815925f,0.9795612093250817f,-0.09226074832557192f,2.170024378970007f,0.4586748287079053f,-2.463331821415554e-17f,-0.8886041872002258f,0.015477749560745158f,0f,0f,0f,1f],start_interpolation:0}
execute if entity @s[tag=aj.checkpoint_flag.bone.flag_1] run data modify entity @s {} merge value {transformation:[-0.9257918290957823f,-0.2011463079094006f,-0.32007757183830066f,-0.03311344989971682f,-0.1901051272167186f,0.9795612093250817f,-0.06572577722247669f,2.0987349562637374f,0.32675607077053864f,-2.463331821415554e-17f,-0.9451087081466337f,0.13801127609969716f,0f,0f,0f,1f],start_interpolation:0}
execute if entity @s[tag=aj.checkpoint_flag.bone.flag_0] run data modify entity @s {} merge value {transformation:[-0.8877839518903594f,-0.2011463079094006f,0.4139804555535836f,-0.3230303966889123f,-0.18230046519196147f,0.9795612093250817f,0.08500810300423038f,2.0392024605994874f,-0.42261826174069955f,-2.463331821415554e-17f,-0.9063077870366499f,-3.955981413323763e-17f,0f,0f,0f,1f],start_interpolation:0}
execute if entity @s[tag=aj.checkpoint_flag.bone.root] run data modify entity @s {} merge value {transformation:[-1.7754546919017107f,-0.3645776830857886f,2.2196723234545778e-16f,0f,-0.3645776830857886f,1.7754546919017107f,0f,0f,-2.17430490546858e-16f,-4.4647889263156915e-17f,-1.8125f,0f,0f,0f,0f,1f],start_interpolation:0}