execute if entity @s[tag=aj.checkpoint_flag.bone.flag_2] run data modify entity @s {} merge value {transformation:[-0.8955881329511561f,-0.1313255675626686f,0.42505939752157657f,0.44723005099458957f,-0.11847463979061587f,0.9913392190049454f,0.0566596204465663f,2.1494613518655408f,-0.42881890798278277f,0.0003849246784764763f,-0.9033903895821815f,0.34128660066199523f,0f,0f,0f,1f],start_interpolation:0}
execute if entity @s[tag=aj.checkpoint_flag.bone.flag_1] run data modify entity @s {} merge value {transformation:[-0.8477923133110883f,-0.1313255675626686f,0.5138110438624074f,0.1252064421078217f,-0.11210822834606134f,0.9913392190049454f,0.06839808476684495f,2.101103961949843f,-0.51834345624088f,0.0003849246784764763f,-0.8551724464722019f,0.14393828783782503f,0f,0f,0f,1f],start_interpolation:0}
execute if entity @s[tag=aj.checkpoint_flag.bone.flag_0] run data modify entity @s {} merge value {transformation:[-0.8945825043768603f,-0.13212512347216746f,0.4269251627748f,-0.1732545930349478f,-0.11924221484328171f,0.9912330461336852f,0.05690643594360966f,2.0574708256823584f,-0.4307010994437948f,-1.6180660954713872e-17f,-0.9024946331906393f,-2.1217568279782617e-17f,0f,0f,0f,1f],start_interpolation:0}