execute if entity @s[tag=aj.checkpoint_flag.bone.flag_2] run data modify entity @s {} merge value {transformation:[-0.8908367128759815f,-0.13485278540879264f,0.4338486801406757f,0.46276390692680874f,-0.1209640290265468f,0.9908654491904217f,0.05961011057134814f,2.1573378187208867f,-0.43792425677733465f,0.000622790617887873f,-0.8990116559076781f,0.31000019392638123f,0.0f,0.0f,0.0f,1.0f],start_interpolation:0}
execute if entity @s[tag=aj.checkpoint_flag.bone.flag_1] run data modify entity @s {} merge value {transformation:[-0.8959952227388729f,-0.13485278540879264f,0.4230925278193977f,0.12101413866313887f,-0.12167290401287545f,0.9908654491904217f,0.05814951444111294f,2.1033036027849223f,-0.42706939161943147f,0.000622790617887873f,-0.9042186388665381f,0.1466173234500103f,0.0f,0.0f,0.0f,1.0f],start_interpolation:0}
execute if entity @s[tag=aj.checkpoint_flag.bone.flag_0] run data modify entity @s {} merge value {transformation:[-0.8917926328067769f,-0.1361281399803918f,0.43148004539843554f,-0.17851121394435188f,-0.12253875644354116f,0.9906912382298931f,0.05928847833931687f,2.0570616632581626f,-0.43553433072586556f,-1.6670889090086967e-17f,-0.9001721206298118f,-2.1861318676885893e-17f,0.0f,0.0f,0.0f,1.0f],start_interpolation:0}
execute if entity @s[tag=aj.checkpoint_flag.bone.root] run data modify entity @s {} merge value {transformation:[-1.8707415448301181f,-0.2516044070744746f,2.311625438638057e-16f,0.0f,-0.2516044070744746f,1.8707415448301181f,0.0f,0.0f,-2.290997644908179e-16f,-3.0812653177512306e-17f,-1.887585416666667f,0.0f,0.0f,0.0f,0.0f,1.0f],start_interpolation:0}
return 1