execute if entity @s[tag=aj.checkpoint_flag.bone.flag_2] run data modify entity @s {} merge value {transformation:[-0.9168196118085059f,-0.1308277244632828f,0.37726105804212007f,0.427057327690762f,-0.12091373648145311f,0.9914050997313986f,0.04995794788288694f,2.1434398769174705f,-0.38055442151339425f,0.00018638222791888019f,-0.9247585076809356f,0.36365072250638414f,0.0f,0.0f,0.0f,1.0f],start_interpolation:0}
execute if entity @s[tag=aj.checkpoint_flag.bone.flag_1] run data modify entity @s {} merge value {transformation:[-0.8033352006549557f,-0.1308277244632828f,0.5809790546142103f,0.1231374037965198f,-0.10589948515491045f,0.9914050997313986f,0.07681944591378172f,2.0993723004127767f,-0.5860357108850851f,0.00018638222791888019f,-0.8102852033877196f,0.1415605792827708f,0.0f,0.0f,0.0f,1.0f],start_interpolation:0}
execute if entity @s[tag=aj.checkpoint_flag.bone.flag_0] run data modify entity @s {} merge value {transformation:[-0.8966321087803476f,-0.13121950076140126f,0.4228856868280547f,-0.17406685788336015f,-0.11868181914538642f,0.991353338936188f,0.055974844210709286f,2.0573640332071688f,-0.4265741287378417f,-1.6069754159316375e-17f,-0.9044526038945055f,-2.1317042034449426e-17f,0.0f,0.0f,0.0f,1.0f],start_interpolation:0}
execute if entity @s[tag=aj.checkpoint_flag.bone.root] run data modify entity @s {} merge value {transformation:[-1.871479834560861f,-0.2460527058268772f,2.311625438638057e-16f,0.0f,-0.2460527058268772f,1.871479834560861f,0.0f,0.0f,-2.291901789063776e-16f,-3.0132765861243045e-17f,-1.887585416666667f,0.0f,0.0f,0.0f,0.0f,1.0f],start_interpolation:0}
return 1