execute if entity @s[tag=aj.checkpoint_flag.bone.flag_2] run data modify entity @s {} merge value {transformation:[-0.908652543011888f,-0.14134054318542205f,0.39290381384007833f,0.4702002752589383f,-0.12938100181787543f,0.9899606483976795f,0.05690756533756405f,2.166508381696533f,-0.39700266050321625f,0.0008749149078993815f,-0.9178170417230617f,0.27062401642022027f,0.0f,0.0f,0.0f,1.0f],start_interpolation:0}
execute if entity @s[tag=aj.checkpoint_flag.bone.flag_1] run data modify entity @s {} merge value {transformation:[-0.9394386694796443f,-0.14134054318542205f,0.3122144089217627f,0.11044840239934117f,-0.13384848916972228f,0.9899606483976795f,0.04541471755971786f,2.1058073655167915f,-0.31549891954378945f,0.0008749149078993815f,-0.9489255325317185f,0.14935376506369402f,0.0f,0.0f,0.0f,1.0f],start_interpolation:0}
execute if entity @s[tag=aj.checkpoint_flag.bone.flag_0] run data modify entity @s {} merge value {transformation:[-0.8884962574668782f,-0.14310541063107984f,0.43599913063612983f,-0.18988593025372846f,-0.12847091476716183f,0.9897074524565883f,0.0630427046594498f,2.056082641183551f,-0.4405333409927557f,-1.7416938089753403e-17f,-0.8977362505066622f,-2.3254319668834615e-17f,0.0f,0.0f,0.0f,1.0f],start_interpolation:0}
execute if entity @s[tag=aj.checkpoint_flag.bone.root] run data modify entity @s {} merge value {transformation:[-1.7948608745940964f,-0.2522512454901186f,2.2196723234545778e-16f,0.0f,-0.2522512454901186f,1.7948608745940964f,0.0f,0.0f,-2.198070624986479e-16f,-3.0891868037040694e-17f,-1.8125f,0.0f,0.0f,0.0f,0.0f,1.0f],start_interpolation:0}
return 1