execute if entity @s[tag=aj.checkpoint_flag.bone.flag_2] run data modify entity @s {} merge value {transformation:[-0.9454762048345943f,-0.16673432885999093f,-0.2797756416687849f,0.3911862422278074f,-0.15988138279817013f,0.9860018577972398f,-0.04731046242573192f,2.1579312034061684f,0.283747580652447f,-2.0419066214637004e-17f,-0.9588990095280541f,0.2564790264018421f,0.0f,0.0f,0.0f,1.0f],start_interpolation:0}
execute if entity @s[tag=aj.checkpoint_flag.bone.flag_1] run data modify entity @s {} merge value {transformation:[-0.9355065618604741f,-0.16673432885999093f,0.31149179169859853f,0.04037128153012959f,-0.15819550186689355f,0.9860018577972398f,0.05267370890181633f,2.0986078902060834f,-0.3159140008057199f,-2.0419066214637004e-17f,-0.948787828808382f,0.13801127609969716f,0.0f,0.0f,0.0f,1.0f],start_interpolation:0}
execute if entity @s[tag=aj.checkpoint_flag.bone.flag_0] run data modify entity @s {} merge value {transformation:[-0.893621161754242f,-0.16673432885999093f,0.4167023912153699f,-0.25145187910524003f,-0.15111262061213943f,0.9860018577972398f,0.07046497223531151f,2.0492601750374315f,-0.42261826174069955f,-2.0419066214637004e-17f,-0.9063077870366499f,-3.0793973888581947e-17f,0.0f,0.0f,0.0f,1.0f],start_interpolation:0}
execute if entity @s[tag=aj.checkpoint_flag.bone.root] run data modify entity @s {} merge value {transformation:[-1.8611627275843106f,-0.31472528761382307f,2.311625438638057e-16f,0.0f,-0.31472528761382307f,1.8611627275843106f,0.0f,0.0f,-2.2792669770284833e-16f,-3.8542731608699856e-17f,-1.887585416666667f,0.0f,0.0f,0.0f,0.0f,1.0f],start_interpolation:0}
return 1