execute if entity @s[tag=aj.checkpoint_flag.bone.flag_2] run data modify entity @s {} merge value {transformation:[-0.9850689800509088f,-0.15385156323924842f,-0.07725801596146631f,0.4652751616728439f,-0.15349535298895903f,0.9880929034302426f,-0.010563654745800576f,2.1838042221329115f,0.07796333210078638f,0.001452817825176189f,-0.9969551685848815f,0.07483160601718156f,0f,0f,0f,1f],start_interpolation:0}
execute if entity @s[tag=aj.checkpoint_flag.bone.flag_1] run data modify entity @s {} merge value {transformation:[-0.9663779673019273f,-0.15385156323924842f,-0.20601776817118234f,0.09162704730597962f,-0.15077666427660238f,0.9880929034302426f,-0.03064003427567178f,2.111485584477985f,0.20827871188149838f,0.001452817825176189f,-0.9780684370213317f,0.15580139620991187f,0f,0f,0f,1f],start_interpolation:0}
execute if entity @s[tag=aj.checkpoint_flag.bone.flag_0] run data modify entity @s {} merge value {transformation:[-0.8812230504960524f,-0.1566875985874806f,0.44597638023029945f,-0.2109776608506442f,-0.13980354696670821f,0.987648214927202f,0.07075289256729272f,2.054126997293784f,-0.4515538766636374f,-1.9188696607624345e-17f,-0.8922438548233552f,-2.583731170523373e-17f,0f,0f,0f,1f],start_interpolation:0}
execute if entity @s[tag=aj.checkpoint_flag.bone.root] run data modify entity @s {} merge value {transformation:[-1.7919027640108924f,-0.27247152939366703f,2.2196723234545778e-16f,0f,-0.27247152939366703f,1.7919027640108924f,0f,0f,-2.1944479843292344e-16f,-3.336813863307383e-17f,-1.8125f,0f,0f,0f,0f,1f],start_interpolation:0}