execute if entity @s[tag=aj.checkpoint_flag.bone.flag_2] run data modify entity @s {} merge value {transformation:[-0.9855214017309087f,-0.167113154381694f,-0.02864891556315679f,0.10182869991475896f,-0.16701230114158747f,0.985937190575048f,-0.005894701720468241f,1.9297451853246168f,0.029231113522007218f,-0.0010246333889276078f,-0.9995721545384714f,-0.0048583092190542096f,0.0f,0.0f,0.0f,1.0f],start_interpolation:0}
execute if entity @s[tag=aj.checkpoint_flag.bone.flag_1] run data modify entity @s {} merge value {transformation:[-0.9853201400797622f,-0.167113154381694f,-0.03489147726591743f,-0.1845728876231481f,-0.16697160788338306f,0.985937190575048f,-0.006952582384939166f,1.9842151259006822f,0.03556267304401757f,-0.0010246333889276078f,-0.9993669228128288f,0.004762048941373282f,0.0f,0.0f,0.0f,1.0f],start_interpolation:0}
execute if entity @s[tag=aj.checkpoint_flag.bone.flag_0] run data modify entity @s {} merge value {transformation:[-0.9916673273962322f,-0.12643269478642677f,0.02471205098441861f,-0.38269510911890475f,-0.12639345625363874f,0.9919751880410328f,0.0031496868443148585f,2.027214767279976f,-0.02491196481760832f,-1.5700379932274277e-17f,-0.9996896488455436f,-4.6866634043181376e-17f,0.0f,0.0f,0.0f,1.0f],start_interpolation:0}
execute if entity @s[tag=aj.checkpoint_flag.bone.root] run data modify entity @s {} merge value {transformation:[-1.7730370917827953f,-0.3761591699831441f,2.2196723234545778e-16f,0.0f,-0.3761591699831441f,1.7730370917827953f,0.0f,0.0f,-2.1713441992213322e-16f,-4.6066212348978256e-17f,-1.8125f,0.0f,0.0f,0.0f,0.0f,1.0f],start_interpolation:0}
return 1