execute if entity @s[tag=aj.checkpoint_flag.bone.flag_2] run data modify entity @s {} merge value {transformation:[-0.9345527046684058f,-0.1696368786445852f,-0.31278518443284636f,0.2898782175794111f,-0.15936610428664566f,0.9854956560301992f,-0.05831600766603759f,2.0897963945264104f,0.31814098604465496f,-0.004652026368116244f,-0.9480319992749217f,-0.06060463440576916f,0f,0f,0f,1f],start_interpolation:0}
execute if entity @s[tag=aj.checkpoint_flag.bone.flag_1] run data modify entity @s {} merge value {transformation:[-0.9136428716882615f,-0.1696368786445852f,-0.36943204032264054f,-0.03153368850194216f,-0.1554955697739398f,0.9854956560301992f,-0.06796646030422057f,2.064003805796601f,0.37560328911486457f,-0.004652026368116244f,-0.9267688643112509f,0.06940932252104012f,0f,0f,0f,1f],start_interpolation:0}
execute if entity @s[tag=aj.checkpoint_flag.bone.flag_0] run data modify entity @s {} merge value {transformation:[-0.9594948762546551f,-0.15110817869677792f,0.23777279232916196f,-0.31127898412641486f,-0.14667172053130353f,0.9885172321871495f,0.036346775172559236f,2.0404616748523425f,-0.24053479756045976f,-1.8505414736599535e-17f,-0.9706405159288112f,-3.8120681155225374e-17f,0f,0f,0f,1f],start_interpolation:0}
execute if entity @s[tag=aj.checkpoint_flag.bone.root] run data modify entity @s {} merge value {transformation:[-1.7797551004829073f,-0.34296943348507963f,2.2196723234545778e-16f,0f,-0.34296943348507963f,1.7797551004829073f,0f,0f,-2.1795713870725685e-16f,-4.2001641892288385e-17f,-1.8125f,0f,0f,0f,0f,1f],start_interpolation:0}