execute if entity @s[tag=aj.checkpoint_flag.bone.flag_2] run data modify entity @s {} merge value {transformation:[-0.9692110844879513f,-0.13917310096006544f,0.20312735333984122f,0.38585205466137756f,-0.1362137348167467f,0.9902680687415704f,0.028547687789268868f,2.138924293881535f,-0.2051236021353034f,-1.7043789261815557e-17f,-0.9787360767066053f,0.38043772422991906f,0.0f,0.0f,0.0f,1.0f],start_interpolation:0}
execute if entity @s[tag=aj.checkpoint_flag.bone.flag_1] run data modify entity @s {} merge value {transformation:[-0.758589351257642f,-0.13917310096006544f,0.6365320448552998f,0.10067186487281204f,-0.10661278062209462f,0.9902680687415704f,0.08945874489878387f,2.0976886585311783f,-0.6427876096865395f,-1.7043789261815557e-17f,-0.766044443118978f,0.13865642915547882f,0.0f,0.0f,0.0f,1.0f],start_interpolation:0}
execute if entity @s[tag=aj.checkpoint_flag.bone.flag_0] run data modify entity @s {} merge value {transformation:[-0.8974876619542298f,-0.13917310096006544f,0.41850536986888204f,-0.19367779226130039f,-0.12613366514614516f,0.9902680687415704f,0.05881709400880573f,2.0555497297319305f,-0.42261826174069955f,-1.7043789261815557e-17f,-0.9063077870366499f,-2.3718688835872756e-17f,0.0f,0.0f,0.0f,1.0f],start_interpolation:0}
execute if entity @s[tag=aj.checkpoint_flag.bone.root] run data modify entity @s {} merge value {transformation:[-1.7948608745940964f,-0.2522512454901186f,2.2196723234545778e-16f,0.0f,-0.2522512454901186f,1.7948608745940964f,0.0f,0.0f,-2.198070624986479e-16f,-3.0891868037040694e-17f,-1.8125f,0.0f,0.0f,0.0f,0.0f,1.0f],start_interpolation:0}
return 1