execute if entity @s[tag=aj.checkpoint_flag.bone.flag_2] run data modify entity @s {} merge value {transformation:[-0.9831955809336513f,-0.1673645737910127f,-0.07290781214857957f,0.14614977127866574f,-0.16673979901767974f,0.9858925886849801f,-0.014616531721734417f,1.9639827342918592f,0.07432556125643222f,-0.0022142754529129085f,-0.9972315718669035f,-0.013232577047891766f,0f,0f,0f,1f],start_interpolation:0}
execute if entity @s[tag=aj.checkpoint_flag.bone.flag_1] run data modify entity @s {} merge value {transformation:[-0.9819765462573463f,-0.1673645737910127f,-0.0878132224681824f,-0.152080060156427f,-0.16649890160032316f,0.9858925886849801f,-0.017144076000607585f,2.000587292606814f,0.0894437161928088f,-0.0022142754529129085f,-0.9959894169206012f,0.01243132135352645f,0f,0f,0f,1f],start_interpolation:0}
execute if entity @s[tag=aj.checkpoint_flag.bone.flag_0] run data modify entity @s {} merge value {transformation:[-0.9897960971282964f,-0.13008636414802843f,0.05814829294432225f,-0.3693405140812585f,-0.12986246014411423f,0.9915026665938658f,0.007629127248368532f,2.0298697895180977f,-0.05864663293753969f,-1.593098494666e-17f,-0.9982788049663729f,-4.523116783650512e-17f,0f,0f,0f,1f],start_interpolation:0}
execute if entity @s[tag=aj.checkpoint_flag.bone.root] run data modify entity @s {} merge value {transformation:[-1.774183191991445f,-0.3707158632363169f,2.2196723234545778e-16f,0f,-0.3707158632363169f,1.774183191991445f,0f,0f,-2.1727477671733568e-16f,-4.539959953055035e-17f,-1.8125f,0f,0f,0f,0f,1f],start_interpolation:0}