execute if entity @s[tag=aj.checkpoint_flag.bone.flag_2] run data modify entity @s {} merge value {transformation:[-0.9422513834161038f,-0.14401110252391414f,0.30236258498743734f,0.48122215415640257f,-0.13677998607653732f,0.989575445028425f,0.04507409461871746f,2.1730946010241547f,-0.30570175966019697f,0.001113977846067371f,-0.9521266686707277f,0.22478000723133984f,0.0f,0.0f,0.0f,1.0f],start_interpolation:0}
execute if entity @s[tag=aj.checkpoint_flag.bone.flag_1] run data modify entity @s {} merge value {transformation:[-0.9718117263133361f,-0.14401110252391414f,0.18666218403774298f,0.10769419507820976f,-0.1412134605206754f,0.989575445028425f,0.028270075425624375f,2.1077107723601145f,-0.18878751856960568f,0.001113977846067371f,-0.9820173276911612f,0.1518974333801036f,0.0f,0.0f,0.0f,1.0f],start_interpolation:0}
execute if entity @s[tag=aj.checkpoint_flag.bone.flag_0] run data modify entity @s {} merge value {transformation:[-0.8858242154544093f,-0.1462282503537616f,0.44037797187536304f,-0.19349303917283295f,-0.13094001540174613f,0.9892508775828697f,0.06509541894874683f,2.0557830137592097f,-0.4451630843647875f,-1.8124636308562297e-17f,-0.8954495118759233f,-2.3696063108030328e-17f,0.0f,0.0f,0.0f,1.0f],start_interpolation:0}
execute if entity @s[tag=aj.checkpoint_flag.bone.root] run data modify entity @s {} merge value {transformation:[-1.8686535581355905f,-0.26666942996877535f,2.311625438638057e-16f,0.0f,-0.26666942996877535f,1.8686535581355905f,0.0f,0.0f,-2.2884405986860634e-16f,-3.2657586384171e-17f,-1.887585416666667f,0.0f,0.0f,0.0f,0.0f,1.0f],start_interpolation:0}
return 1