execute if entity @s[tag=aj.checkpoint_flag.bone.flag_2] run data modify entity @s {} merge value {transformation:[-0.9664744569484103f,-0.15733372170955875f,-0.20291186283530793f,0.4453434388843448f,-0.15425515292141806f,0.9875445850480302f,-0.031000650630330917f,2.1833030943467207f,0.2052619591241047f,0.0013388634482337728f,-0.978706153848642f,0.03056864699023913f,0.0f,0.0f,0.0f,1.0f],start_interpolation:0}
execute if entity @s[tag=aj.checkpoint_flag.bone.flag_1] run data modify entity @s {} merge value {transformation:[-0.9355058256972373f,-0.15733372170955875f,-0.31634625033268454f,0.08383740130280282f,-0.149477026695392f,0.9875445850480302f,-0.0491152830860108f,2.111627601602857f,0.32013351679703184f,0.0013388634482337728f,-0.9473714893682582f,0.1549986545436638f,0.0f,0.0f,0.0f,1.0f],start_interpolation:0}
execute if entity @s[tag=aj.checkpoint_flag.bone.flag_0] run data modify entity @s {} merge value {transformation:[-0.8818144749638811f,-0.1599614017996951f,0.44363902181666937f,-0.21881872756610227f,-0.14289631685001597f,0.9871232698778185f,0.07189083875170288f,2.0533039114561715f,-0.4494261612043458f,-1.9372781435614927e-17f,-0.89331748310728f,-2.6797565430732383e-17f,0.0f,0.0f,0.0f,1.0f],start_interpolation:0}
execute if entity @s[tag=aj.checkpoint_flag.bone.root] run data modify entity @s {} merge value {transformation:[-1.7908565950421518f,-0.27926493871238295f,2.2196723234545778e-16f,0.0f,-0.27926493871238295f,1.7908565950421518f,0.0f,0.0f,-2.1931667968502987e-16f,-3.420009133082015e-17f,-1.8125f,0.0f,0.0f,0.0f,0.0f,1.0f],start_interpolation:0}
return 1