execute if entity @s[tag=aj.checkpoint_flag.bone.flag_2] run data modify entity @s {} merge value {transformation:[-0.9151563303645116f,-0.16998090187325207f,-0.36550702317755457f,0.312506387724695f,-0.1562879810369271f,0.985438562857197f,-0.06696943942832101f,2.1143354103872594f,0.37156824134627364f,-0.004163151726553374f,-0.9283963109526767f,-0.0691778113463956f,0.0f,0.0f,0.0f,1.0f],start_interpolation:0}
execute if entity @s[tag=aj.checkpoint_flag.bone.flag_1] run data modify entity @s {} merge value {transformation:[-0.8865145848827921f,-0.16998090187325207f,-0.43034681802988517f,-0.007715701568355937f,-0.15106960942908704f,0.985438562857197f,-0.07803083967820376f,2.0770680851231234f,0.4373441023919658f,-0.004163151726553374f,-0.899284606935239f,0.08729607554979237f,0.0f,0.0f,0.0f,1.0f],start_interpolation:0}
execute if entity @s[tag=aj.checkpoint_flag.bone.flag_0] run data modify entity @s {} merge value {transformation:[-0.9460621307865313f,-0.15628956225244026f,0.28379573186112034f,-0.29692703272031656f,-0.14969924842539872f,0.9877112800464216f,0.04490614980078063f,2.0428168391798502f,-0.2873266080830647f,-1.8272589477270795e-17f,-0.9578326682085347f,-3.636307402012571e-17f,0.0f,0.0f,0.0f,1.0f],start_interpolation:0}
execute if entity @s[tag=aj.checkpoint_flag.bone.root] run data modify entity @s {} merge value {transformation:[-1.7812669916763741f,-0.3350285873835252f,2.2196723234545778e-16f,0.0f,-0.3350285873835252f,1.7812669916763741f,0.0f,0.0f,-2.1814229197833066e-16f,-4.1029168716209346e-17f,-1.8125f,0.0f,0.0f,0.0f,0.0f,1.0f],start_interpolation:0}
return 1