execute if entity @s[tag=aj.checkpoint_flag.bone.flag_2] run data modify entity @s {} merge value {transformation:[-0.9372952799986852f,-0.16071701733042945f,-0.30926945926262545f,0.4218119199707028f,-0.1529621770360874f,0.9869999495925513f,-0.04933226024298509f,2.180700748529619f,0.31317747442714805f,0.0010676351021680248f,-0.9496940189696478f,-0.0067196261419792125f,0.0f,0.0f,0.0f,1.0f],start_interpolation:0}
execute if entity @s[tag=aj.checkpoint_flag.bone.flag_1] run data modify entity @s {} merge value {transformation:[-0.8996783165187165f,-0.16071701733042945f,-0.4058928025063496f,0.07490035662198957f,-0.14694276232326592f,0.9869999495925513f,-0.06510702039802718f,2.110969974846942f,0.41107998173938887f,0.0010676351021680248f,-0.9115986555323743f,0.15272430095454845f,0.0f,0.0f,0.0f,1.0f],start_interpolation:0}
execute if entity @s[tag=aj.checkpoint_flag.bone.flag_0] run data modify entity @s {} merge value {transformation:[-0.8839329622082059f,-0.16284166892430202f,0.43834359717437926f,-0.22756162190572066f,-0.1458884060460915f,0.9866522137318438f,0.07234626541420598f,2.0523342710097654f,-0.44427366712777067f,-2.0159193296093048e-17f,-0.8958911254705244f,-2.7868261187562105e-17f,0.0f,0.0f,0.0f,1.0f],start_interpolation:0}
execute if entity @s[tag=aj.checkpoint_flag.bone.root] run data modify entity @s {} merge value {transformation:[-1.7897050325512083f,-0.28655217057436194f,2.2196723234545778e-16f,0.0f,-0.28655217057436194f,1.7897050325512083f,0.0f,0.0f,-2.1917565395317466e-16f,-3.509251984826187e-17f,-1.8125f,0.0f,0.0f,0.0f,0.0f,1.0f],start_interpolation:0}
return 1