execute if entity @s[tag=aj.checkpoint_flag.bone.flag_2] run data modify entity @s {} merge value {transformation:[-0.9774432771337654f,-0.16786237051318742f,-0.12816733028232433f,0.18874063241206185f,-0.16599600132746262f,0.9858047779156428f,-0.025184665611899144f,1.9980207902821485f,0.1305755242352029f,-0.0033413177615306934f,-0.9914327350185279f,-0.024234457456848567f,0.0f,0.0f,0.0f,1.0f],start_interpolation:0}
execute if entity @s[tag=aj.checkpoint_flag.bone.flag_1] run data modify entity @s {} merge value {transformation:[-0.9738128454408901f,-0.16786237051318742f,-0.15333220998867306f,-0.11961967614586888f,-0.1652912983878299f,0.9858047779156428f,-0.029457198033002393f,2.017188826766107f,0.15610038030569473f,-0.0033413177615306934f,-0.9877355450038406f,0.02306254544404756f,0.0f,0.0f,0.0f,1.0f],start_interpolation:0}
execute if entity @s[tag=aj.checkpoint_flag.bone.flag_0] run data modify entity @s {} merge value {transformation:[-0.9859998775505345f,-0.1347167618509068f,0.09826309351296147f,-0.3552579604757076f,-0.13405271544931655f,0.9908841476562263f,0.013359468711685996f,2.032584747069268f,-0.09916708602654173f,-1.6498045119220935e-17f,-0.9950707959984578f,-4.350655241681922e-17f,0.0f,0.0f,0.0f,1.0f],start_interpolation:0}
execute if entity @s[tag=aj.checkpoint_flag.bone.root] run data modify entity @s {} merge value {transformation:[-1.7754546919017107f,-0.36457768308578864f,2.2196723234545778e-16f,0.0f,-0.36457768308578864f,1.7754546919017107f,0.0f,0.0f,-2.17430490546858e-16f,-4.464788926315692e-17f,-1.8125f,0.0f,0.0f,0.0f,0.0f,1.0f],start_interpolation:0}
return 1