execute if entity @s[tag=aj.checkpoint_flag.bone.flag_2] run data modify entity @s {} merge value {transformation:[-0.8819831220480513f,-0.16857952361877976f,-0.4400985306029065f,0.35903339753870844f,-0.15039175600686006f,0.9856875526729205f,-0.07617327766901934f,2.161456617104659f,0.44664089842685173f,-0.0009963544217447965f,-0.8947127556541937f,-0.06753434958566351f,0.0f,0.0f,0.0f,1.0f],start_interpolation:0}
execute if entity @s[tag=aj.checkpoint_flag.bone.flag_1] run data modify entity @s {} merge value {transformation:[-0.836936036626557f,-0.16857952361877976f,-0.5206909014110922f,0.041917462917898385f,-0.1426048332044471f,0.9856875526729205f,-0.08991056696740532f,2.102468097496253f,0.528395620858616f,-0.0009963544217447965f,-0.848997688533546f,0.13320008749679557f,0.0f,0.0f,0.0f,1.0f],start_interpolation:0}
execute if entity @s[tag=aj.checkpoint_flag.bone.flag_0] run data modify entity @s {} merge value {transformation:[-0.9037875530887407f,-0.16632829685531017f,0.3943386318217865f,-0.2585706525497959f,-0.1524489929765943f,0.986070432405927f,0.06651621512992514f,2.04847972028743f,-0.3999091939706925f,-2.0369341635148638e-17f,-0.9165547646364134f,-3.1665772199854993e-17f,0.0f,0.0f,0.0f,1.0f],start_interpolation:0}
execute if entity @s[tag=aj.checkpoint_flag.bone.root] run data modify entity @s {} merge value {transformation:[-1.785728279210892f,-0.3103719749373433f,2.2196723234545778e-16f,0.0f,-0.3103719749373433f,1.785728279210892f,0.0f,0.0f,-2.1868864212825295e-16f,-3.8009604565206e-17f,-1.8125f,0.0f,0.0f,0.0f,0.0f,1.0f],start_interpolation:0}
return 1