execute if entity @s[tag=aj.checkpoint_flag.bone.flag_2] run data modify entity @s {} merge value {transformation:[-0.8974235997407293f,-0.17001873722583477f,-0.40709275554905633f,0.3305197351861038f,-0.15345535490272907f,0.9854353564494335f,-0.07327081486550853f,2.1348150870572518f,0.413621006091408f,-0.003284395151430831f,-0.9104432305577438f,-0.07383340970165322f,0.0f,0.0f,0.0f,1.0f],start_interpolation:0}
execute if entity @s[tag=aj.checkpoint_flag.bone.flag_1] run data modify entity @s {} merge value {transformation:[-0.8616167012728575f,-0.17001873722583477f,-0.4782366454798417f,0.012562034830021163f,-0.1470369819985925f,0.9854353564494335f,-0.08542414286443706f,2.0881068462162258f,0.48579500410401993f,-0.003284395151430831f,-0.8740666031465021f,0.10469879242067479f,0.0f,0.0f,0.0f,1.0f],start_interpolation:0}
execute if entity @s[tag=aj.checkpoint_flag.bone.flag_0] run data modify entity @s {} merge value {transformation:[-0.9314731469723073f,-0.16077446570823525f,0.3263576989221151f,-0.2831743489879868f,-0.15173093940580978f,0.9869911707691369f,0.053161554254921674f,2.044961682007028f,-0.3306591878302143f,-1.9689193481421618e-17f,-0.9437502325845876f,-3.467885600887736e-17f,0.0f,0.0f,0.0f,1.0f],start_interpolation:0}
execute if entity @s[tag=aj.checkpoint_flag.bone.root] run data modify entity @s {} merge value {transformation:[-1.8566340505386962f,-0.3404243052323804f,2.311625438638057e-16f,0.0f,-0.3404243052323804f,1.8566340505386962f,0.0f,0.0f,-2.2737209471801995e-16f,-4.1689953575479613e-17f,-1.887585416666667f,0.0f,0.0f,0.0f,0.0f,1.0f],start_interpolation:0}
return 1