execute if entity @s[tag=aj.checkpoint_flag.bone.flag_2] run data modify entity @s {} merge value {transformation:[-0.9869960075699288f,-0.15038929208789936f,0.05676215170623891f,0.4788900976856165f,-0.1500577842538408f,0.9886258165606757f,0.010082470657785668f,2.1821523821228643f,-0.057632824205042774f,0.00143375557115683f,-0.9983368178721613f,0.12386632990253939f,0.0f,0.0f,0.0f,1.0f],start_interpolation:0}
execute if entity @s[tag=aj.checkpoint_flag.bone.flag_1] run data modify entity @s {} merge value {transformation:[-0.9853449452218284f,-0.15038929208789936f,-0.080488506950328f,0.09823289064511578f,-0.15000796349310344f,0.9886258165606757f,-0.010798412771749678f,2.1106901872202313f,0.08119698155993399f,0.00143375557115683f,-0.9966970425011393f,0.15538062882519293f,0.0f,0.0f,0.0f,1.0f],start_interpolation:0}
execute if entity @s[tag=aj.checkpoint_flag.bone.flag_0] run data modify entity @s {} merge value {transformation:[-0.8818893220900148f,-0.15319240441819987f,0.44587364893227893f,-0.20410127469232883f,-0.1367124473359622f,0.9881963809023846f,0.06912032635079983f,2.0548103592280893f,-0.45119943520246797f,-1.876065877244353e-17f,-0.8924231449671025f,-2.4995197275385522e-17f,0.0f,0.0f,0.0f,1.0f],start_interpolation:0}
execute if entity @s[tag=aj.checkpoint_flag.bone.root] run data modify entity @s {} merge value {transformation:[-1.8671051228741675f,-0.2773033814249562f,2.311625438638057e-16f,0.0f,-0.2773033814249562f,1.8671051228741675f,0.0f,0.0f,-2.2865443123994747e-16f,-3.3959869845481026e-17f,-1.887585416666667f,0.0f,0.0f,0.0f,0.0f,1.0f],start_interpolation:0}
return 1