execute if entity @s[tag=aj.checkpoint_flag.bone.flag_2] run data modify entity @s {} merge value {transformation:[-0.9885607207577232f,-0.1503291196654714f,0.012200703077094643f,0.38416428735531666f,-0.150317671747129f,0.9886360077301476f,0.0018552034707804005f,2.1451372563850253f,-0.012340945486202681f,-1.8410007521695898e-17f,-0.9999238476326617f,0.3467026694444112f,0.0f,0.0f,0.0f,1.0f],start_interpolation:0}
execute if entity @s[tag=aj.checkpoint_flag.bone.flag_1] run data modify entity @s {} merge value {transformation:[-0.8220016248779167f,-0.1503291196654714f,0.5492854307904673f,0.07570860805707313f,-0.12499117942830731f,0.9886360077301476f,0.08352274710829569f,2.097925559869665f,-0.5555992564458538f,-1.8410007521695898e-17f,-0.8314502187364042f,0.13818331691457228f,0.0f,0.0f,0.0f,1.0f],start_interpolation:0}
execute if entity @s[tag=aj.checkpoint_flag.bone.flag_0] run data modify entity @s {} merge value {transformation:[-0.8960085123506584f,-0.1503291196654714f,0.4178156310811798f,-0.21722832358016125f,-0.13624445177118114f,0.9886360077301476f,0.06353183124203113f,2.0531765396753006f,-0.42261826174069955f,-1.8410007521695898e-17f,-0.9063077870366499f,-2.6602797115658994e-17f,0.0f,0.0f,0.0f,1.0f],start_interpolation:0}
execute if entity @s[tag=aj.checkpoint_flag.bone.root] run data modify entity @s {} merge value {transformation:[-1.866134910582981f,-0.2837590539808821f,2.311625438638057e-16f,0.0f,-0.2837590539808821f,1.866134910582981f,0.0f,0.0f,-2.2853561450225797e-16f,-3.475046171867683e-17f,-1.887585416666667f,0.0f,0.0f,0.0f,0.0f,1.0f],start_interpolation:0}
return 1