execute if entity @s[tag=aj.checkpoint_flag.bone.flag_2] run data modify entity @s {} merge value {transformation:[-0.7905965725601407f,-0.21217767215644626f,0.5744020324602185f,0.2573452387883749f,-0.1716553426014811f,0.9772311064626789f,0.12471490655930642f,2.1664301307088163f,-0.5877852522924732f,-2.5984270705692838e-17f,-0.8090169943749475f,0.05512800199157317f,0f,0f,0f,1f],start_interpolation:0}
execute if entity @s[tag=aj.checkpoint_flag.bone.flag_1] run data modify entity @s {} merge value {transformation:[-0.837650549688753f,-0.21217767215644626f,0.5033112278147605f,-0.05677371734490744f,-0.18187176251159876f,0.9772311064626789f,0.1092795798063527f,2.0982282197669666f,-0.5150380749100543f,-2.5984270705692838e-17f,-0.8571673007021123f,-0.13801127609969718f,0f,0f,0f,1f],start_interpolation:0}
execute if entity @s[tag=aj.checkpoint_flag.bone.flag_0] run data modify entity @s {} merge value {transformation:[-0.8856721615215674f,-0.21217767215644626f,-0.4129957115321976f,-0.34600103259179427f,-0.19229827651069661f,0.9772311064626789f,-0.08967015898694532f,2.0354308138439423f,0.42261826174069933f,-2.5984270705692838e-17f,-0.9063077870366499f,-4.237290570652199e-17f,0f,0f,0f,1f],start_interpolation:0}
execute if entity @s[tag=aj.checkpoint_flag.bone.root] run data modify entity @s {} merge value {transformation:[-1.7712313804636055f,-0.38457203078355884f,2.2196723234545778e-16f,0f,-0.38457203078355884f,1.7712313804636055f,0f,0f,-2.169132840634102e-16f,-4.709649065406827e-17f,-1.8125f,0f,0f,0f,0f,1f],start_interpolation:0}