execute if entity @s[tag=aj.checkpoint_flag.bone.flag_2] run data modify entity @s {} merge value {transformation:[-0.9471660372900813f,-0.17062352479565446f,-0.2715954907403856f,0.3625145403955884f,-0.16401385881204464f,0.9853362942601408f,-0.04703021721485036f,2.1559679888449503f,0.27563735581699894f,-2.0895355350023728e-17f,-0.961261695938319f,-0.3004037294254841f,0.0f,0.0f,0.0f,1.0f],start_interpolation:0}
execute if entity @s[tag=aj.checkpoint_flag.bone.flag_1] run data modify entity @s {} merge value {transformation:[-0.9198906778385545f,-0.17062352479565446f,-0.35311294738657106f,0.017555536206130484f,-0.15929078304918298f,0.9853362942601408f,-0.061146002725210355f,2.0962339452015066f,0.35836794954530005f,-2.0895355350023728e-17f,-0.9335804264972019f,-0.1660157483459966f,0.0f,0.0f,0.0f,1.0f],start_interpolation:0}
execute if entity @s[tag=aj.checkpoint_flag.bone.flag_0] run data modify entity @s {} merge value {transformation:[-0.8485091782132965f,-0.17062352479565446f,-0.5009189428181998f,-0.25953574230414916f,-0.14693016754947041f,0.9853362942601408f,-0.0867404927215534f,2.048252062361133f,0.5083735834518556f,-2.0895355350023728e-17f,-0.8611366323925137f,-3.1783961607710855e-17f,0.0f,0.0f,0.0f,1.0f],start_interpolation:0}
execute if entity @s[tag=aj.checkpoint_flag.bone.root] run data modify entity @s {} merge value {transformation:[-1.7859220333465051f,-0.30925513869212373f,2.2196723234545778e-16f,0.0f,-0.30925513869212373f,1.7859220333465051f,0.0f,0.0f,-2.18712370166453e-16f,-3.787283157191801e-17f,-1.8125f,0.0f,0.0f,0.0f,0.0f,1.0f],start_interpolation:0}
return 1