execute if entity @s[tag=aj.checkpoint_flag.bone.flag_2] run data modify entity @s {} merge value {transformation:[-0.9659787753456117f,-0.1755576430375734f,-0.1899066074492517f,0.35002954991467405f,-0.1722603054046957f,0.9844691533872922f,-0.03386551654395663f,2.1574575043500186f,0.19290254732292456f,-2.1499610561181788e-17f,-0.9812179203603686f,0.30803790102098394f,0.0f,0.0f,0.0f,1.0f],start_interpolation:0}
execute if entity @s[tag=aj.checkpoint_flag.bone.flag_1] run data modify entity @s {} merge value {transformation:[-0.9009035864460795f,-0.1755576430375734f,0.3969285098096172f,0.012190704997394275f,-0.16065562815897572f,0.9844691533872922f,0.0707831559748007f,2.0972116437904025f,-0.4031903980372504f,-2.1499610561181788e-17f,-0.9151161144524577f,0.15684150175701508f,0.0f,0.0f,0.0f,1.0f],start_interpolation:0}
execute if entity @s[tag=aj.checkpoint_flag.bone.flag_0] run data modify entity @s {} merge value {transformation:[-0.8634927789698168f,-0.1755576430375734f,0.4728210387007699f,-0.2697936556349365f,-0.15398426302572882f,0.9844691533872922f,0.08431685934219328f,2.046926157896063f,-0.4802801967678932f,-2.1499610561181788e-17f,-0.8771151193501305f,-3.304019368035882e-17f,0.0f,0.0f,0.0f,1.0f],start_interpolation:0}
execute if entity @s[tag=aj.checkpoint_flag.bone.root] run data modify entity @s {} merge value {transformation:[-1.858269617092033f,-0.331380046782096f,2.311625438638057e-16f,0.0f,-0.331380046782096f,1.858269617092033f,0.0f,0.0f,-2.275723938524536e-16f,-4.05823513592994e-17f,-1.887585416666667f,0.0f,0.0f,0.0f,0.0f,1.0f],start_interpolation:0}
return 1