execute if entity @s[tag=aj.checkpoint_flag.bone.flag_2] run data modify entity @s {} merge value {transformation:[-0.9427155711870877f,-0.19715038183705175f,0.26910793147528694f,0.3246372130571585f,-0.18957752378400755f,0.9803732589894039f,0.05411686922226158f,2.169074208230438f,-0.2744953812313189f,-2.414395840674239e-17f,-0.9615884180264823f,-0.1109468614884045f,0f,0f,0f,1f],start_interpolation:0}
execute if entity @s[tag=aj.checkpoint_flag.bone.flag_1] run data modify entity @s {} merge value {transformation:[-0.9697447564781644f,-0.19715038183705175f,0.14396817087332353f,-0.03901707062215315f,-0.1950130190425923f,0.9803732589894039f,0.028951605523508464f,2.095944326089466f,-0.14685036495357895f,-2.414395840674239e-17f,-0.9891587184638271f,-0.1660157483459966f,0f,0f,0f,1f],start_interpolation:0}
execute if entity @s[tag=aj.checkpoint_flag.bone.flag_0] run data modify entity @s {} merge value {transformation:[-0.8442353267338089f,-0.19715038183705175f,-0.49839586679281733f,-0.3147126695086626f,-0.16977341589005693f,0.9803732589894039f,-0.10022604609340365f,2.040502694962869f,0.5083735834518556f,-2.414395840674239e-17f,-0.8611366323925137f,-3.8541186336490243e-17f,0f,0f,0f,1f],start_interpolation:0}
execute if entity @s[tag=aj.checkpoint_flag.bone.root] run data modify entity @s {} merge value {transformation:[-1.7769265319182945f,-0.3573350670796563f,2.2196723234545778e-16f,0f,-0.3573350670796563f,1.7769265319182945f,0f,0f,-2.1761073896337464e-16f,-4.376092461222058e-17f,-1.8125f,0f,0f,0f,0f,1f],start_interpolation:0}