execute if entity @s[tag=aj.checkpoint_flag.bone.flag_2] run data modify entity @s {} merge value {transformation:[-0.8694495654297065f,-0.1808946505978253f,-0.459711407906292f,0.3498150683479482f,-0.15991700964184377f,0.983502478586145f,-0.08455427039552615f,2.1614380449946773f,0.4674227243099174f,-2.2153205483750562e-17f,-0.8840339341895734f,-0.20389644880814833f,0.0f,0.0f,0.0f,1.0f],start_interpolation:0}
execute if entity @s[tag=aj.checkpoint_flag.bone.flag_1] run data modify entity @s {} merge value {transformation:[-0.8254183991339302f,-0.1808946505978253f,-0.5347537674072718f,0.040283168672724357f,-0.15181840021694484f,0.983502478586145f,-0.098356738307433f,2.104506144913323f,0.5437238634883955f,-2.2153205483750562e-17f,-0.8392641778803934f,4.9332653574564726e-18f,0.0f,0.0f,0.0f,1.0f],start_interpolation:0}
execute if entity @s[tag=aj.checkpoint_flag.bone.flag_0] run data modify entity @s {} merge value {transformation:[-0.983502478586145f,-0.1808946505978253f,1.2246467991473532e-16f,-0.2808918594905636f,-0.1808946505978253f,0.983502478586145f,0.0f,2.0454327355774704f,-1.2044431623540107e-16f,-2.2153205483750562e-17f,-1.0f,-3.439933166316669e-17f,0.0f,0.0f,0.0f,1.0f],start_interpolation:0}
execute if entity @s[tag=aj.checkpoint_flag.bone.root] run data modify entity @s {} merge value {transformation:[-1.8564449358347284f,-0.34145410442146723f,2.311625438638057e-16f,0.0f,-0.34145410442146723f,1.8564449358347284f,0.0f,0.0f,-2.2734893484633136e-16f,-4.1816067603547596e-17f,-1.887585416666667f,0.0f,0.0f,0.0f,0.0f,1.0f],start_interpolation:0}
return 1