execute if entity @s[tag=aj.checkpoint_flag.bone.flag_2] run data modify entity @s {} merge value {transformation:[-0.8093597795014368f,-0.15643446504023087f,-0.566096286397431f,0.3460019370363657f,-0.12818999569752515f,0.9876883405951378f,-0.08966084349085554f,2.1430106450864663f,0.5731527478154965f,-1.9157696688784726e-17f,-0.8194485509606724f,-0.3790566297321494f,0.0f,0.0f,0.0f,1.0f],start_interpolation:0}
execute if entity @s[tag=aj.checkpoint_flag.bone.flag_1] run data modify entity @s {} merge value {transformation:[-0.7566131648463099f,-0.15643446504023087f,-0.634873827566413f,0.06227200021899948f,-0.1198357526563589f,0.9876883405951378f,-0.1005541358558025f,2.0980722378403316f,0.6427876096865393f,-1.9157696688784726e-17f,-0.766044443118978f,-0.13801127609969716f,0.0f,0.0f,0.0f,1.0f],start_interpolation:0}
execute if entity @s[tag=aj.checkpoint_flag.bone.flag_0] run data modify entity @s {} merge value {transformation:[-0.8951496342466803f,-0.15643446504023087f,-0.4174151296438729f,-0.23005030221468203f,-0.14177777382687382f,0.9876883405951378f,-0.06611206169163858f,2.051772933574993f,0.42261826174069933f,-1.9157696688784726e-17f,-0.9063077870366499f,-2.817303662500916e-17f,0.0f,0.0f,0.0f,1.0f],start_interpolation:0}
execute if entity @s[tag=aj.checkpoint_flag.bone.root] run data modify entity @s {} merge value {transformation:[-1.7901851173286871f,-0.28353746788541845f,2.2196723234545778e-16f,0.0f,-0.28353746788541845f,1.7901851173286871f,0.0f,0.0f,-2.1923444738178057e-16f,-3.4723325248422313e-17f,-1.8125f,0.0f,0.0f,0.0f,0.0f,1.0f],start_interpolation:0}
return 1