execute if entity @s[tag=aj.checkpoint_flag.bone.flag_2] run data modify entity @s {} merge value {transformation:[-0.9367948739798079f,-0.19651660953283015f,-0.28947640018294607f,0.33996180843112195f,-0.18775691930712016f,0.9805004957559793f,-0.05801824777238969f,2.17165432468426f,0.2952333032323006f,-2.406634368436707e-17f,-0.9554251915574262f,0.14895786370821493f,0f,0f,0f,1f],start_interpolation:0}
execute if entity @s[tag=aj.checkpoint_flag.bone.flag_1] run data modify entity @s {} merge value {transformation:[-0.9804931210113693f,-0.19651660953283015f,0.003802870903073907f,-0.027723111948141532f,-0.1965151314511635f,0.9805004957559793f,0.0007621896160153463f,2.097961150390074f,-0.0038784997249204367f,-2.406634368436707e-17f,-0.9999924785916562f,0.14750342631136976f,0f,0f,0f,1f],start_interpolation:0}
execute if entity @s[tag=aj.checkpoint_flag.bone.flag_0] run data modify entity @s {} merge value {transformation:[-0.8747803980438589f,-0.19651660953283015f,0.44287749703044177f,-0.31339358568433917f,-0.17532768076452085f,0.9805004957559793f,0.08876363095329695f,2.04070570464041f,-0.4516851332022807f,-2.406634368436707e-17f,-0.8921774153407146f,-3.8379645158163773e-17f,0f,0f,0f,1f],start_interpolation:0}
execute if entity @s[tag=aj.checkpoint_flag.bone.root] run data modify entity @s {} merge value {transformation:[-1.7771571485577125f,-0.35618635477825467f,2.2196723234545778e-16f,0f,-0.35618635477825467f,1.7771571485577125f,0f,0f,-2.1763898135630397e-16f,-4.362024792791531e-17f,-1.8125f,0f,0f,0f,0f,1f],start_interpolation:0}