execute if entity @s[tag=aj.checkpoint_flag.bone.flag_2] run data modify entity @s {} merge value {transformation:[-0.8024222792848357f,-0.1892025569437394f,0.5659689727832086f,0.2895928443067839f,-0.15461295383240353f,0.981938079741259f,0.10905247388880271f,2.15623749633313f,-0.5763794932286785f,-2.3170630575164526e-17f,-0.8171821582642709f,0.2581329658851578f,0.0f,0.0f,0.0f,1.0f],start_interpolation:0}
execute if entity @s[tag=aj.checkpoint_flag.bone.flag_1] run data modify entity @s {} merge value {transformation:[-0.7122727169653292f,-0.1892025569437394f,0.6759215702378341f,0.022490575444785443f,-0.13724268573698148f,0.981938079741259f,0.13023844580518107f,2.104771489181762f,-0.6883545756937541f,-2.3170630575164526e-17f,-0.7253743710122875f,2.7543011229438538e-18f,0.0f,0.0f,0.0f,1.0f],start_interpolation:0}
execute if entity @s[tag=aj.checkpoint_flag.bone.flag_0] run data modify entity @s {} merge value {transformation:[-0.981938079741259f,-0.1892025569437394f,1.2246467991473532e-16f,-0.2981735787207194f,-0.1892025569437394f,0.981938079741259f,0.0f,2.0429850291798224f,-1.2025273263160313e-16f,-2.3170630575164526e-17f,-1.0f,-3.651573187706404e-17f,0.0f,0.0f,0.0f,1.0f],start_interpolation:0}
execute if entity @s[tag=aj.checkpoint_flag.bone.root] run data modify entity @s {} merge value {transformation:[-1.779762769531032f,-0.34292963446052765f,2.2196723234545778e-16f,0.0f,-0.34292963446052765f,1.779762769531032f,0.0f,0.0f,-2.1795807789478068e-16f,-4.19967679174857e-17f,-1.8125f,0.0f,0.0f,0.0f,0.0f,1.0f],start_interpolation:0}
return 1