execute if entity @s[tag=aj.checkpoint_flag.bone.flag_2] run data modify entity @s {} merge value {transformation:[-0.9571581239494625f,-0.16504760586067765f,0.23792354561329998f,0.32728770387507233f,-0.16017333776517984f,0.9862856015372314f,0.039814746884831734f,2.1459484439937073f,-0.24123189595637484f,-2.021250222242128e-17f,-0.9704675019666001f,0.3790566297321495f,0.0f,0.0f,0.0f,1.0f],start_interpolation:0}
execute if entity @s[tag=aj.checkpoint_flag.bone.flag_1] run data modify entity @s {} merge value {transformation:[-0.7555386043858547f,-0.16504760586067765f,0.6339721642803677f,0.04396072723037678f,-0.1264338013196634f,0.9862856015372314f,0.10609055605567105f,2.0985357684988335f,-0.6427876096865395f,-2.021250222242128e-17f,-0.766044443118978f,0.13801127609969716f,0.0f,0.0f,0.0f,1.0f],start_interpolation:0}
execute if entity @s[tag=aj.checkpoint_flag.bone.flag_0] run data modify entity @s {} merge value {transformation:[-0.8938783209153194f,-0.16504760586067765f,0.416822306501545f,-0.2479464119435322f,-0.149583930423288f,0.9862856015372314f,0.06975213229330367f,2.0496872662199785f,-0.42261826174069955f,-2.021250222242128e-17f,-0.9063077870366499f,-3.036467797467178e-17f,0.0f,0.0f,0.0f,1.0f],start_interpolation:0}
execute if entity @s[tag=aj.checkpoint_flag.bone.root] run data modify entity @s {} merge value {transformation:[-1.8616983181299893f,-0.3115414538783631f,2.311625438638057e-16f,0.0f,-0.3115414538783631f,1.8616983181299893f,0.0f,0.0f,-2.279922886275902e-16f,-3.8152824429385006e-17f,-1.887585416666667f,0.0f,0.0f,0.0f,0.0f,1.0f],start_interpolation:0}
return 1