execute if entity @s[tag=aj.launchpad.bone.petal4] run data modify entity @s {} merge value {transformation:[1.1156531347845497f,-0.7876665762760051f,0.33531852016112135f,0.0f,0.8560707595435136f,1.026507067541853f,-0.4369956034575386f,0.0f,-1.228467285825223e-16f,0.48961858062399605f,1.1501189701538461f,0.0f,0.0f,0.0f,0.0f,1.0f],start_interpolation:0}
execute if entity @s[tag=aj.launchpad.bone.petal] run data modify entity @s {} merge value {transformation:[-1.40625f,-5.996098275642482e-17f,-1.4084895154375573e-16f,0.0f,0.0f,-1.2938838414230767f,0.5508209032019965f,0.0f,-1.7221595613009655e-16f,0.48961858062399694f,1.1501189701538457f,0.0f,0.0f,0.0f,0.0f,1.0f],start_interpolation:0}
execute if entity @s[tag=aj.launchpad.bone.petal2] run data modify entity @s {} merge value {transformation:[-0.42286753055288423f,1.2339989518644188f,-0.5253272322101922f,0.0f,-1.3411644619896943f,-0.3890783750007865f,0.16563504008102242f,0.0f,1.7662305728742803e-16f,0.48961858062399694f,1.150118970153846f,0.0f,0.0f,0.0f,0.0f,1.0f],start_interpolation:0}
execute if entity @s[tag=aj.launchpad.bone.petal3] run data modify entity @s {} merge value {transformation:[1.151932562281395f,0.7421412828156502f,-0.31593789072626577f,0.0f,-0.8065918636186586f,1.059887593774207f,-0.45120606889502357f,0.0f,5.283372413333186e-16f,0.48961858062399627f,1.150118970153846f,0.0f,0.0f,0.0f,0.0f,1.0f],start_interpolation:0}
execute if entity @s[tag=aj.launchpad.bone.petal5] run data modify entity @s {} merge value {transformation:[-0.4809658265517219f,-1.2158530979393893f,0.517602338113545f,0.0f,1.3214427479801836f,-0.44253433689028754f,0.18839184425992142f,0.0f,-2.82931619865818e-16f,0.4896185806239966f,1.150118970153846f,0.0f,0.0f,0.0f,0.0f,1.0f],start_interpolation:0}
execute if entity @s[tag=aj.launchpad.bone.petal6] run data modify entity @s {} merge value {transformation:[-0.8308504678941933f,0.6543618336576654f,-0.5119795803078263f,1.5308084989341916e-18f,-0.8308504678941935f,-0.6543618336576652f,0.5119795803078263f,-2.7755575615628915e-18f,8.273602728767315e-17f,0.6162114605356708f,0.7875807488153169f,-0.0125f,0.0f,0.0f,0.0f,1.0f],start_interpolation:0}
execute if entity @s[tag=aj.launchpad.bone.petal7] run data modify entity @s {} merge value {transformation:[0.5425546205511649f,0.8208463710371178f,-0.642238833202864f,1.5308084989341916e-18f,-1.0422377289844107f,0.4273055743268968f,-0.33432837515020963f,-2.7755575615628915e-18f,3.5337819394362223e-16f,0.6162114605356704f,0.7875807488153173f,-0.0125f,0.0f,0.0f,0.0f,1.0f],start_interpolation:0}
execute if entity @s[tag=aj.launchpad.bone.petal9] run data modify entity @s {} merge value {transformation:[0.15336827585856072f,-0.9174903914376136f,0.7178541311295961f,1.5308084989341916e-18f,1.1649477121142273f,0.12078990154519936f,-0.09450728926664104f,-2.7755575615628915e-18f,-3.509104601451449e-16f,0.6162114605356706f,0.7875807488153173f,-0.0125f,0.0f,0.0f,0.0f,1.0f],start_interpolation:0}
execute if entity @s[tag=aj.launchpad.bone.petal10] run data modify entity @s {} merge value {transformation:[-1.0422377289844107f,-0.42730557432689664f,0.3343283751502095f,1.5308084989341916e-18f,0.5425546205511645f,-0.8208463710371179f,0.6422388332028641f,-2.7755575615628915e-18f,-3.036197874769279e-16f,0.6162114605356707f,0.7875807488153173f,-0.0125f,0.0f,0.0f,0.0f,1.0f],start_interpolation:0}
execute if entity @s[tag=aj.launchpad.bone.petal8] run data modify entity @s {} merge value {transformation:[1.1571491097893447f,-0.16069530511187013f,0.12572969668590883f,1.5308084989341916e-18f,0.20403660875864327f,0.9113483623788696f,-0.7130485430008432f,-2.7755575615628915e-18f,1.3137940315030152e-17f,0.6162114605356706f,0.7875807488153173f,-0.0125f,0.0f,0.0f,0.0f,1.0f],start_interpolation:0}
execute if entity @s[tag=aj.launchpad.bone.tentacle] run data modify entity @s {} merge value {transformation:[-0.9659258262890683f,0.011289528185853099f,0.258572706721188f,-1.9900510486144486e-17f,0.2588190451025208f,0.042133092783085344f,0.9650064789340801f,0.22500000000000003f,-1.766285314927185e-16f,0.9990482215818578f,-0.04361938736533619f,0.16249999999999995f,0.0f,0.0f,0.0f,1.0f],start_interpolation:0}
execute if entity @s[tag=aj.launchpad.bone.tentacle1] run data modify entity @s {} merge value {transformation:[0.7933533402912352f,-0.4304593345768795f,-0.43045933457687935f,-5.0516680464828325e-17f,-0.6087614290087207f,-0.560985526796931f,-0.5609855267969309f,-0.2749999999999999f,1.2130765141337543e-16f,0.7071067811865476f,-0.7071067811865475f,0.41250000000000003f,0.0f,0.0f,0.0f,1.0f],start_interpolation:0}
execute if entity @s[tag=aj.launchpad.bone.tentacle2] run data modify entity @s {} merge value {transformation:[0.38268343236508984f,-0.853553390593274f,0.35355339059327306f,-0.18750000000000006f,0.9238795325112866f,0.35355339059327406f,-0.14644660940672585f,-0.03749999999999991f,-4.725495927901261e-17f,0.382683432365089f,0.923879532511287f,0.4125f,0.0f,0.0f,0.0f,1.0f],start_interpolation:0}
execute if entity @s[tag=aj.launchpad.bone.tentacle3] run data modify entity @s {} merge value {transformation:[-0.2164396139381033f,0.9174181535933479f,-0.3339129002834378f,0.12499999999999994f,-0.9762960071199333f,-0.20338670806338624f,0.07402670778046282f,-0.4187499999999999f,3.0129735561154807e-16f,0.34202014332566905f,0.9396926207859083f,0.4125000000000001f,0.0f,0.0f,0.0f,1.0f],start_interpolation:0}
execute if entity @s[tag=aj.launchpad.bone.large_cog] run data modify entity @s {} merge value {transformation:[-1.2416666666666665f,-1.5206031089412968e-16f,3.376417165726446e-32f,-7.652725999361874e-17f,0.0f,2.757053844485805e-16f,1.2416666666666665f,1.3875400828311512e-16f,-1.5206031089412968e-16f,1.2416666666666665f,-2.757053844485805e-16f,0.6248925f,0.0f,0.0f,0.0f,1.0f],start_interpolation:0}
execute if entity @s[tag=aj.launchpad.bone.shaft] run data modify entity @s {} merge value {transformation:[1.0f,-1.2246467991473532e-16f,1.224646799147353e-16f,0.0f,1.2246467991473532e-16f,2.220446049250313e-16f,-1.0f,0.0f,1.224646799147353e-16f,1.0f,2.220446049250313e-16f,0.0f,0.0f,0.0f,0.0f,1.0f],start_interpolation:0}
execute if entity @s[tag=aj.launchpad.bone.root] run data modify entity @s {} merge value {transformation:[-1.0f,-1.2246467991473532e-16f,2.719262146893782e-32f,0.0f,0.0f,2.220446049250313e-16f,1.0f,0.0f,-1.2246467991473532e-16f,1.0f,-2.220446049250313e-16f,0.0f,0.0f,0.0f,0.0f,1.0f],start_interpolation:0}
return 1