execute if entity @s[tag=aj.launchpad.bone.petal4] run data modify entity @s {} merge value {transformation:[0.9914448613738106f,0.1260786200725192f,-0.033782664431261836f,0.0f,-0.13052619222005174f,0.9576621969425488f,-0.25660481229257054f,0.0f,3.937731192260729e-17f,0.2588190451025204f,0.9659258262890684f,0.0f,0.0f,0.0f,0.0f,1.0f],start_interpolation:0}
execute if entity @s[tag=aj.launchpad.bone.petal] run data modify entity @s {} merge value {transformation:[-0.7071067811865475f,-0.6830127018922194f,0.18301270189221935f,0.0f,0.7071067811865476f,-0.6830127018922192f,0.18301270189221966f,0.0f,-2.4360485149192685e-16f,0.258819045102521f,0.9659258262890683f,0.0f,0.0f,0.0f,0.0f,1.0f],start_interpolation:0}
execute if entity @s[tag=aj.launchpad.bone.petal2] run data modify entity @s {} merge value {transformation:[-0.8870108331782219f,0.4460149107768813f,-0.119509335154905f,0.0f,-0.4617486132350339f,-0.8567866719650288f,0.22957529683877909f,0.0f,-6.098709365619471e-18f,0.2588190451025212f,0.9659258262890683f,0.0f,0.0f,0.0f,0.0f,1.0f],start_interpolation:0}
execute if entity @s[tag=aj.launchpad.bone.petal3] run data modify entity @s {} merge value {transformation:[0.17364817766693036f,0.9512512425641977f,-0.25488700224417904f,0.0f,-0.9848077530122081f,0.1677312594965208f,-0.044943455527547554f,0.0f,3.5095931940297696e-16f,0.2588190451025208f,0.9659258262890683f,0.0f,0.0f,0.0f,0.0f,1.0f],start_interpolation:0}
execute if entity @s[tag=aj.launchpad.bone.petal5] run data modify entity @s {} merge value {transformation:[0.4226182617406994f,-0.875426098065593f,0.23456971600980459f,0.0f,0.90630778703665f,0.4082178936767349f,-0.10938165494661496f,0.0f,-1.4948494436283578e-16f,0.25881904510252074f,0.9659258262890683f,0.0f,0.0f,0.0f,0.0f,1.0f],start_interpolation:0}
execute if entity @s[tag=aj.launchpad.bone.petal6] run data modify entity @s {} merge value {transformation:[-0.38268343236508984f,0.7791920946816268f,-0.49640011097796105f,1.5308084989341916e-18f,-0.9238795325112866f,-0.32275193331103064f,0.20561565833058118f,-2.7755575615628915e-18f,1.5827726174152827e-16f,0.537299608346824f,0.8433914458128855f,-0.0125f,0.0f,0.0f,0.0f,1.0f],start_interpolation:0}
execute if entity @s[tag=aj.launchpad.bone.petal7] run data modify entity @s {} merge value {transformation:[0.7660444431189778f,0.5421215714841394f,-0.34536953093476885f,1.5308084989341916e-18f,-0.6427876096865395f,0.6460753304390416f,-0.4115953792640873f,-2.7755575615628915e-18f,1.8102975713932234e-16f,0.5372996083468237f,0.8433914458128858f,-0.0125f,0.0f,0.0f,0.0f,1.0f],start_interpolation:0}
execute if entity @s[tag=aj.launchpad.bone.petal9] run data modify entity @s {} merge value {transformation:[-0.2588190451025207f,-0.8146535791819436f,0.5189915681571988f,1.5308084989341916e-18f,0.9659258262890684f,-0.21828576865292526f,0.1390633715662836f,-2.7755575615628915e-18f,-4.1270826369333175e-16f,0.537299608346824f,0.8433914458128858f,-0.0125f,0.0f,0.0f,0.0f,1.0f],start_interpolation:0}
execute if entity @s[tag=aj.launchpad.bone.petal10] run data modify entity @s {} merge value {transformation:[-0.9961946980917454f,-0.07350640788684332f,0.04682874644349308f,1.5308084989341916e-18f,0.08715574274765803f,-0.8401820867347283f,0.5352550211218774f,-2.7755575615628915e-18f,-8.583997606865556e-17f,0.5372996083468239f,0.8433914458128856f,-0.0125f,0.0f,0.0f,0.0f,1.0f],start_interpolation:0}
execute if entity @s[tag=aj.launchpad.bone.petal8] run data modify entity @s {} merge value {transformation:[0.8433914458128857f,-0.4531538935183248f,0.2886908691296503f,1.5308084989341916e-18f,0.5372996083468238f,0.7113091308703497f,-0.4531538935183248f,-2.7755575615628915e-18f,-1.8255226950121717e-16f,0.5372996083468238f,0.8433914458128857f,-0.0125f,0.0f,0.0f,0.0f,1.0f],start_interpolation:0}
execute if entity @s[tag=aj.launchpad.bone.shaft] run data modify entity @s {} merge value {transformation:[-0.8f,-1.2246467991473532e-16f,2.1754097175150258e-32f,0.0f,0.0f,2.220446049250313e-16f,0.8f,0.0f,-9.797174393178826e-17f,1.0f,-1.7763568394002506e-16f,0.0f,0.0f,0.0f,0.0f,1.0f],start_interpolation:0}
return 1