execute if entity @s[tag=aj.maze_npc.bone.bone2] run data modify entity @s {} merge value {transformation:[0.28680323271108993f,-0.957989512315489f,1.2246467991473532e-16f,0.3065212823415485f,-0.957989512315489f,-0.28680323271108993f,0.0f,0.9552714885674388f,3.5123266092474974e-17f,-1.1731987898738974e-16f,-1.0f,3.753803072901195e-17f,0.0f,0.0f,0.0f,1.0f],start_interpolation:0}
execute if entity @s[tag=aj.maze_npc.bone.bone] run data modify entity @s {} merge value {transformation:[-0.9914448613738104f,-0.13052619222005157f,1.2246467991473532e-16f,-0.4043213974825199f,-0.13052619222005157f,0.9914448613738104f,0.0f,0.7926705769629849f,-1.2141697760125282e-16f,-1.5984848350717833e-17f,-1.0f,-4.951509052537527e-17f,0.0f,0.0f,0.0f,1.0f],start_interpolation:0}
execute if entity @s[tag=aj.maze_npc.bone.head] run data modify entity @s {} merge value {transformation:[-0.9705162817080003f,-0.1260785722541639f,0.2054320825918608f,-0.04884534849484743f,-0.17310212972450728f,0.9576622074045844f,-0.23004075550610253f,0.9655485067172306f,-0.1677313316721637f,-0.2588190296854738f,-0.951251234032394f,-5.98182996874519e-18f,0.0f,0.0f,0.0f,1.0f],start_interpolation:0}
execute if entity @s[tag=aj.maze_npc.bone.body] run data modify entity @s {} merge value {transformation:[-0.9914448613738104f,-0.13052619222005157f,1.2246467991473532e-16f,0.0f,-0.13052619222005157f,0.9914448613738104f,0.0f,0.59453125f,-1.2141697760125282e-16f,-1.5984848350717833e-17f,-1.0f,0.0f,0.0f,0.0f,0.0f,1.0f],start_interpolation:0}
return 1