execute if entity @s[tag=aj.maze_npc.bone.bone2] run data modify entity @s {} merge value {transformation:[0.7028362253219765f,-0.7113516994955138f,1.2246467991473532e-16f,0.2592027135201237f,-0.7113516994955138f,-0.7028362253219765f,0f,0.9906407923665084f,8.607261336653665e-17f,-8.71154581855211e-17f,-1f,3.17431773442728e-17f,0f,0f,0f,1f],start_interpolation:0}
execute if entity @s[tag=aj.maze_npc.bone.bone] run data modify entity @s {} merge value {transformation:[-0.967466755449337f,-0.25299817608103947f,1.2246467991473532e-16f,-0.42585192248869796f,-0.25299817608103947f,0.967466755449337f,0f,0.7407677894292497f,-1.1848050653425058e-16f,-3.0983340652776344e-17f,-1f,-5.215181937865308e-17f,0f,0f,0f,1f],start_interpolation:0}
execute if entity @s[tag=aj.maze_npc.bone.head] run data modify entity @s {} merge value {transformation:[-0.9413981472625714f,-0.24437742613780797f,0.2324848423550625f,-0.0946766612053265f,-0.2926358294981677f,0.934501141501138f,-0.20266200390549113f,0.9565754498908066f,-0.1677313316721637f,-0.2588190296854739f,-0.951251234032394f,-1.1594547009906148e-17f,0f,0f,0f,1f],start_interpolation:0}
execute if entity @s[tag=aj.maze_npc.bone.body] run data modify entity @s {} merge value {transformation:[-0.967466755449337f,-0.25299817608103947f,1.2246467991473532e-16f,0f,-0.25299817608103947f,0.967466755449337f,0f,0.59453125f,-1.1848050653425058e-16f,-3.0983340652776344e-17f,-1f,0f,0f,0f,0f,1f],start_interpolation:0}