execute if entity @s[tag=aj.maze_npc.bone.bone2] run data modify entity @s {} merge value {transformation:[0.939834312769541f,-0.3416305966113169f,1.2246467991473532e-16f,0.26204775532506336f,-0.3416305966113169f,-0.939834312769541f,0f,0.9887644172742613f,1.150965082862071e-16f,-4.1837681663084995e-17f,-1f,3.2091594478258765e-17f,0f,0f,0f,1f],start_interpolation:0}
execute if entity @s[tag=aj.maze_npc.bone.bone] run data modify entity @s {} merge value {transformation:[-0.9692631227936174f,-0.2460264188910716f,1.2246467991473532e-16f,-0.4247880676306158f,-0.2460264188910716f,0.9692631227936174f,0f,0.74382988679957f,-1.1870049808607715e-16f,-3.0129546640063674e-17f,-1f,-5.2021534733982304e-17f,0f,0f,0f,1f],start_interpolation:0}
execute if entity @s[tag=aj.maze_npc.bone.head] run data modify entity @s {} merge value {transformation:[-0.9434805583584686f,-0.23764322569698376f,0.23101976815832254f,-0.0920676989443932f,-0.2858507239365947f,0.9362362987798551f,-0.20433050793242422f,0.9572476842329241f,-0.1677313316721637f,-0.2588190296854739f,-0.951251234032394f,-1.127504128171133e-17f,0f,0f,0f,1f],start_interpolation:0}
execute if entity @s[tag=aj.maze_npc.bone.body] run data modify entity @s {} merge value {transformation:[-0.9692631227936174f,-0.2460264188910716f,1.2246467991473532e-16f,0f,-0.2460264188910716f,0.9692631227936174f,0f,0.59453125f,-1.1870049808607715e-16f,-3.0129546640063674e-17f,-1f,0f,0f,0f,0f,1f],start_interpolation:0}