execute if entity @s[tag=aj.maze_npc.bone.bone2] run data modify entity @s {} merge value {transformation:[0.9914448613738105f,-0.13052619222005174f,1.2246467991473532e-16f,0.2568129005584784f,-0.13052619222005174f,-0.9914448613738105f,0.0f,0.9921943616368993f,1.2141697760125282e-16f,-1.5984848350717848e-17f,-1.0f,3.145050966486881e-17f,0.0f,0.0f,0.0f,1.0f],start_interpolation:0}
execute if entity @s[tag=aj.maze_npc.bone.bone] run data modify entity @s {} merge value {transformation:[-0.9659258262890683f,-0.25881904510252074f,1.2246467991473532e-16f,-0.4267247437550445f,-0.25881904510252074f,0.9659258262890683f,0.0f,0.7382009351070334f,-1.1829179713786698e-16f,-3.169619151431765e-17f,-1.0f,-5.225870915565897e-17f,0.0f,0.0f,0.0f,1.0f],start_interpolation:0}
execute if entity @s[tag=aj.maze_npc.bone.head] run data modify entity @s {} merge value {transformation:[-0.939619018520893f,-0.2499999539563072f,0.233700926518656f,-0.09685493953445895f,-0.2982990117471337f,0.933012718506299f,-0.20125845745252374f,0.9559988053066123f,-0.1677313316721637f,-0.2588190296854739f,-0.951251234032394f,-1.186130916824856e-17f,0.0f,0.0f,0.0f,1.0f],start_interpolation:0}
execute if entity @s[tag=aj.maze_npc.bone.body] run data modify entity @s {} merge value {transformation:[-0.9659258262890683f,-0.25881904510252074f,1.2246467991473532e-16f,0.0f,-0.25881904510252074f,0.9659258262890683f,0.0f,0.59453125f,-1.1829179713786698e-16f,-3.169619151431765e-17f,-1.0f,0.0f,0.0f,0.0f,0.0f,1.0f],start_interpolation:0}
return 1