execute if entity @s[tag=aj.maze_npc.bone.bone2] run data modify entity @s {} merge value {transformation:[0.1351103337348184f,-0.990830559539857f,1.2246467991473532e-16f,0.25497091966892643f,-0.990830559539857f,-0.1351103337348184f,0f,0.993377895182308f,1.65462437740076e-17f,-1.2134174732378671e-16f,-1f,3.122493206482077e-17f,0f,0f,0f,1f],start_interpolation:0}
execute if entity @s[tag=aj.maze_npc.bone.bone] run data modify entity @s {} merge value {transformation:[-0.9647184293559423f,-0.2632837861718867f,1.2246467991473532e-16f,-0.42738466709350326f,-0.2632837861718867f,0.9647184293559423f,0f,0.7362257512515937f,-1.1814393365892168e-16f,-3.224296460027972e-17f,-1f,-5.23395264560716e-17f,0f,0f,0f,1f],start_interpolation:0}
execute if entity @s[tag=aj.maze_npc.bone.head] run data modify entity @s {} merge value {transformation:[-0.9382293039299935f,-0.25431256274023556f,0.23462926859097077f,-0.09852572935651073f,-0.3026416587691172f,0.9318464628387896f,-0.20017541325625798f,0.9555469747355441f,-0.1677313316721637f,-0.2588190296854739f,-0.951251234032394f,-1.2065921909010928e-17f,0f,0f,0f,1f],start_interpolation:0}
execute if entity @s[tag=aj.maze_npc.bone.body] run data modify entity @s {} merge value {transformation:[-0.9647184293559423f,-0.2632837861718867f,1.2246467991473532e-16f,0f,-0.2632837861718867f,0.9647184293559423f,0f,0.59453125f,-1.1814393365892168e-16f,-3.224296460027972e-17f,-1f,0f,0f,0f,0f,1f],start_interpolation:0}