execute if entity @s[tag=aj.maze_npc.bone.bone2] run data modify entity @s {} merge value {transformation:[0.06331307647126719f,-0.9979937145832851f,1.2246467991473532e-16f,0.2830667388521906f,-0.9979937145832851f,-0.06331307647126719f,0f,0.97395454607654f,7.753615644470895e-18f,-1.2221898081335975e-16f,-1f,3.4665677568041496e-17f,0f,0f,0f,1f],start_interpolation:0}
execute if entity @s[tag=aj.maze_npc.bone.bone] run data modify entity @s {} merge value {transformation:[-0.9811917252174278f,-0.19303574374930588f,1.2246467991473532e-16f,-0.4160550237190578f,-0.19303574374930588f,0.9811917252174278f,0f,0.7666742213630411f,-1.2016133056373923e-16f,-2.3640060570361613e-17f,-1f,-5.0952045306672015e-17f,0f,0f,0f,1f],start_interpolation:0}
execute if entity @s[tag=aj.maze_npc.bone.head] run data modify entity @s {} merge value {transformation:[-0.9576095206687383f,-0.18645816322433892f,0.21958451514529725f,-0.07223759473118557f,-0.234201209006427f,0.9477584413972137f,-0.21657269093829049f,0.9617115909212093f,-0.1677313316721637f,-0.2588190296854738f,-0.951251234032394f,-8.84655391656501e-18f,0f,0f,0f,1f],start_interpolation:0}
execute if entity @s[tag=aj.maze_npc.bone.body] run data modify entity @s {} merge value {transformation:[-0.9811917252174278f,-0.19303574374930588f,1.2246467991473532e-16f,0f,-0.19303574374930588f,0.9811917252174278f,0f,0.59453125f,-1.2016133056373923e-16f,-2.3640060570361613e-17f,-1f,0f,0f,0f,0f,1f],start_interpolation:0}