execute if entity @s[tag=aj.maze_npc.bone.bone2] run data modify entity @s {} merge value {transformation:[0.1140268770329077f,-0.9934776652316458f,1.2246467991473532e-16f,0.2946510837894698f,-0.9934776652316458f,-0.1140268770329077f,0.0f,0.9650303121738344f,1.396426499751193e-17f,-1.2166592427503208e-16f,-1.0f,3.608435066280727e-17f,0.0f,0.0f,0.0f,1.0f],start_interpolation:0}
execute if entity @s[tag=aj.maze_npc.bone.bone] run data modify entity @s {} merge value {transformation:[-0.986685944207868f,-0.16263716519488347f,1.2246467991473532e-16f,-0.4105394600913629f,-0.16263716519488347f,0.986685944207868f,0.0f,0.7794429507099733f,-1.2083417833378495e-16f,-1.9917308377831337e-17f,-1.0f,-5.0276583572457016e-17f,0.0f,0.0f,0.0f,1.0f],start_interpolation:0}
execute if entity @s[tag=aj.maze_npc.bone.head] run data modify entity @s {} merge value {transformation:[-0.9643864862204286f,-0.15709539072258966f,0.21279037433383147f,-0.060861876662772804f,-0.20451138249715553f,0.9530654479553787f,-0.223251755519896f,0.9637676306840381f,-0.1677313316721637f,-0.2588190296854738f,-0.951251234032394f,-7.453430244516571e-18f,0.0f,0.0f,0.0f,1.0f],start_interpolation:0}
execute if entity @s[tag=aj.maze_npc.bone.body] run data modify entity @s {} merge value {transformation:[-0.986685944207868f,-0.16263716519488347f,1.2246467991473532e-16f,0.0f,-0.16263716519488347f,0.986685944207868f,0.0f,0.59453125f,-1.2083417833378495e-16f,-1.9917308377831337e-17f,-1.0f,0.0f,0.0f,0.0f,0.0f,1.0f],start_interpolation:0}
return 1