execute if entity @s[tag=aj.maze_npc.bone.bone2] run data modify entity @s {} merge value {transformation:[0.8620987685112248f,-0.5067402819309212f,1.2246467991473532e-16f,0.2806272795349807f,-0.5067402819309212f,-0.8620987685112248f,0f,0.9757623429486153f,1.0557664974061465e-16f,-6.205778642657301e-17f,-1f,3.436692996359437e-17f,0f,0f,0f,1f],start_interpolation:0}
execute if entity @s[tag=aj.maze_npc.bone.bone] run data modify entity @s {} merge value {transformation:[-0.9799334027552039f,-0.19932517694613333f,1.2246467991473532e-16f,-0.41715059747524563f,-0.19932517694613333f,0.9799334027552039f,0f,0.7640020863630985f,-1.2000723050617347e-16f,-2.44102939936562e-17f,-1f,-5.108621439604656e-17f,0f,0f,0f,1f],start_interpolation:0}
execute if entity @s[tag=aj.maze_npc.bone.head] run data modify entity @s {} merge value {transformation:[-0.9560876463137096f,-0.19253328926923038f,0.2209691043776979f,-0.07459121856031084f,-0.24033853819517526f,0.9465429955347199f,-0.21515981191283284f,0.9612407030622989f,-0.1677313316721637f,-0.2588190296854738f,-0.951251234032394f,-9.134789705438533e-18f,0f,0f,0f,1f],start_interpolation:0}
execute if entity @s[tag=aj.maze_npc.bone.body] run data modify entity @s {} merge value {transformation:[-0.9799334027552039f,-0.19932517694613333f,1.2246467991473532e-16f,0f,-0.19932517694613333f,0.9799334027552039f,0f,0.59453125f,-1.2000723050617347e-16f,-2.44102939936562e-17f,-1f,0f,0f,0f,0f,1f],start_interpolation:0}