execute if entity @s[tag=aj.maze_npc.bone.bone2] run data modify entity @s {} merge value {transformation:[0.3311526238965107f,-0.943577203882362f,1.2246467991473532e-16f,0.25597947424044226f,-0.943577203882362f,-0.3311526238965107f,0f,0.9927313567523548f,4.055450008841091e-17f,-1.155548802482944e-16f,-1f,3.1348444377598006e-17f,0f,0f,0f,1f],start_interpolation:0}
execute if entity @s[tag=aj.maze_npc.bone.bone] run data modify entity @s {} merge value {transformation:[-0.9653816388332739f,-0.26084150628989694f,1.2246467991473532e-16f,-0.42702470870816295f,-0.26084150628989694f,0.9653816388332739f,0f,0.7373068904442686f,-1.182251533952795e-16f,-3.194387157626965e-17f,-1f,-5.2295444267628267e-17f,0f,0f,0f,1f],start_interpolation:0}
execute if entity @s[tag=aj.maze_npc.bone.head] run data modify entity @s {} merge value {transformation:[-0.9389922021740307f,-0.2519535014847585f,0.23412192837479817f,-0.09761178243192238f,-0.3002662895362164f,0.9324870738848017f,-0.20076855432540586f,0.9557951601571393f,-0.1677313316721637f,-0.2588190296854739f,-0.951251234032394f,-1.1953995691432159e-17f,0f,0f,0f,1f],start_interpolation:0}
execute if entity @s[tag=aj.maze_npc.bone.body] run data modify entity @s {} merge value {transformation:[-0.9653816388332739f,-0.26084150628989694f,1.2246467991473532e-16f,0f,-0.26084150628989694f,0.9653816388332739f,0f,0.59453125f,-1.182251533952795e-16f,-3.194387157626965e-17f,-1f,0f,0f,0f,0f,1f],start_interpolation:0}