execute if entity @s[tag=aj.maze_npc.bone.bone2] run data modify entity @s {} merge value {transformation:[0.033413849175722946f,-0.9994416014371534f,1.2246467991473532e-16f,0.3106387498695306f,-0.9994416014371534f,-0.033413849175722946f,0f,0.9517320105387973f,4.092016344024152e-18f,-1.2239629581347147e-16f,-1f,3.804227507188559e-17f,0f,0f,0f,1f],start_interpolation:0}
execute if entity @s[tag=aj.maze_npc.bone.bone] run data modify entity @s {} merge value {transformation:[-0.99287675720543f,-0.11914589796224474f,1.2246467991473532e-16f,-0.40202217570981447f,-0.11914589796224474f,0.99287675720543f,0f,0.797295042598949f,-1.2159233426594335e-16f,-1.4591164257100017e-17f,-1f,-4.92335170669279e-17f,0f,0f,0f,1f],start_interpolation:0}
execute if entity @s[tag=aj.maze_npc.bone.head] run data modify entity @s {} merge value {transformation:[-0.9724378931794341f,-0.11508605200292682f,0.2027800398045217f,-0.04458662900305878f,-0.16195908212948845f,0.9590453120197447f,-0.23238189518274474f,0.9660843489854696f,-0.1677313316721637f,-0.2588190296854738f,-0.951251234032394f,-5.460287249336648e-18f,0f,0f,0f,1f],start_interpolation:0}
execute if entity @s[tag=aj.maze_npc.bone.body] run data modify entity @s {} merge value {transformation:[-0.99287675720543f,-0.11914589796224474f,1.2246467991473532e-16f,0f,-0.11914589796224474f,0.99287675720543f,0f,0.59453125f,-1.2159233426594335e-16f,-1.4591164257100017e-17f,-1f,0f,0f,0f,0f,1f],start_interpolation:0}