execute if entity @s[tag=aj.maze_npc.bone.bone2] run data modify entity @s {} merge value {transformation:[0.551874694820417f,-0.8339270478985987f,1.2246467991473532e-16f,0.29231736868259467f,-0.8339270478985987f,-0.551874694820417f,0f,0.9668743340186023f,6.758515785422459e-17f,-1.0212660899314203e-16f,-1f,3.579855298923163e-17f,0f,0f,0f,1f],start_interpolation:0}
execute if entity @s[tag=aj.maze_npc.bone.bone] run data modify entity @s {} merge value {transformation:[-0.985644595148998f,-0.16883344471273387f,1.2246467991473532e-16f,-0.4116931832303759f,-0.16883344471273387f,0.985644595148998f,0f,0.7768598221800141f,-1.2070664985461092e-16f,-2.0676133765647115e-17f,-1f,-5.041787390738646e-17f,0f,0f,0f,1f],start_interpolation:0}
execute if entity @s[tag=aj.maze_npc.bone.head] run data modify entity @s {} merge value {transformation:[-0.9630824755980126f,-0.16308053721217566f,0.2141888969545152f,-0.06318064063859338f,-0.21056672474891744f,0.952059582303155f,-0.22191035616495153f,0.9633779383409141f,-0.1677313316721637f,-0.2588190296854738f,-0.951251234032394f,-7.737396932613257e-18f,0f,0f,0f,1f],start_interpolation:0}
execute if entity @s[tag=aj.maze_npc.bone.body] run data modify entity @s {} merge value {transformation:[-0.985644595148998f,-0.16883344471273387f,1.2246467991473532e-16f,0f,-0.16883344471273387f,0.985644595148998f,0f,0.59453125f,-1.2070664985461092e-16f,-2.0676133765647115e-17f,-1f,0f,0f,0f,0f,1f],start_interpolation:0}