execute if entity @s[tag=aj.maze_npc.bone.bone2] run data modify entity @s {} merge value {transformation:[0.866805653698989f,-0.4986461257399561f,1.2246467991473532e-16f,0.24758405987843563f,-0.4986461257399561f,-0.866805653698989f,0f,0.99800485451969f,1.061530769285296e-16f,-6.106653817946659e-17f,-1f,3.032030264500327e-17f,0f,0f,0f,1f],start_interpolation:0}
execute if entity @s[tag=aj.maze_npc.bone.bone] run data modify entity @s {} merge value {transformation:[-0.9597072623390667f,-0.28100172706525106f,1.2246467991473532e-16f,-0.429921122544193f,-0.28100172706525106f,0.9597072623390667f,0f,0.7283326466365951f,-1.175302426942007e-16f,-3.441278656053379e-17f,-1f,-5.26501526609583e-17f,0f,0f,0f,1f],start_interpolation:0}
execute if entity @s[tag=aj.maze_npc.bone.head] run data modify entity @s {} merge value {transformation:[-0.9324979629548176f,-0.27142677975541074f,0.23827516093106177f,-0.10515611505019944f,-0.3198652051421008f,0.9270060480408299f,-0.19582144273578467f,0.9536717020784475f,-0.1677313316721637f,-0.2588190296854739f,-0.951251234032394f,-1.2877909970699755e-17f,0f,0f,0f,1f],start_interpolation:0}
execute if entity @s[tag=aj.maze_npc.bone.body] run data modify entity @s {} merge value {transformation:[-0.9597072623390667f,-0.28100172706525106f,1.2246467991473532e-16f,0f,-0.28100172706525106f,0.9597072623390667f,0f,0.59453125f,-1.175302426942007e-16f,-3.441278656053379e-17f,-1f,0f,0f,0f,0f,1f],start_interpolation:0}