execute if entity @s[tag=aj.maze_npc.bone.bone2] run data modify entity @s {} merge value {transformation:[0.5143272793976286f,-0.8575939888242186f,1.2246467991473532e-16f,0.3180684804515054f,-0.8575939888242186f,-0.5143272793976286f,0.0f,0.9451325306497864f,6.298692564284723e-17f,-1.0502497333815904e-16f,-1.0f,3.895215464945986e-17f,0.0f,0.0f,0.0f,1.0f],start_interpolation:0}
execute if entity @s[tag=aj.maze_npc.bone.bone] run data modify entity @s {} merge value {transformation:[-0.9951590317407152f,-0.09827767571977998f,1.2246467991473532e-16f,-0.3976772763985571f,-0.09827767571977998f,0.9951590317407152f,0.0f,0.8056894115467139f,-1.2187183228638461e-16f,-1.203554409978701e-17f,-1.0f,-4.8701420363513026e-17f,0.0f,0.0f,0.0f,1.0f],start_interpolation:0}
execute if entity @s[tag=aj.maze_npc.bone.head] run data modify entity @s {} merge value {transformation:[-0.9756233841359466f,-0.09492889699266628f,0.1978573143527402f,-0.036777348960761416f,-0.1415104685265578f,0.9612498189276426f,-0.23658734731377437f,0.9669384189092207f,-0.1677313316721637f,-0.2588190296854738f,-0.951251234032394f,-4.503926268592171e-18f,0.0f,0.0f,0.0f,1.0f],start_interpolation:0}
execute if entity @s[tag=aj.maze_npc.bone.body] run data modify entity @s {} merge value {transformation:[-0.9951590317407152f,-0.09827767571977998f,1.2246467991473532e-16f,0.0f,-0.09827767571977998f,0.9951590317407152f,0.0f,0.59453125f,-1.2187183228638461e-16f,-1.203554409978701e-17f,-1.0f,0.0f,0.0f,0.0f,0.0f,1.0f],start_interpolation:0}
return 1