execute if entity @s[tag=aj.maze_npc.bone.bone2] run data modify entity @s {} merge value {transformation:[0.05129016533433445f,-0.9986837932699103f,1.2246467991473532e-16f,0.28761541048794376f,-0.9986837932699103f,-0.05129016533433445f,0f,0.9705182070874123f,6.2812336804431236e-18f,-1.2230349107883325e-16f,-1f,3.5222729183951235e-17f,0f,0f,0f,1f],start_interpolation:0}
execute if entity @s[tag=aj.maze_npc.bone.bone] run data modify entity @s {} merge value {transformation:[-0.9834452049953297f,-0.18120576362713736f,1.2246467991473532e-16f,-0.4139518257771993f,-0.18120576362713736f,0.9834452049953297f,0f,0.7716720733222533f,-1.2043730224343431e-16f,-2.2191305841302565e-17f,-1f,-5.0694477843924994e-17f,0f,0f,0f,1f],start_interpolation:0}
execute if entity @s[tag=aj.maze_npc.bone.head] run data modify entity @s {} merge value {transformation:[-0.9603604447930592f,-0.17503127974106747f,0.21696051988572015f,-0.06781059435734282f,-0.22265223208483764f,0.949935135146013f,-0.21920132883439733f,0.962554885306846f,-0.1677313316721637f,-0.2588190296854738f,-0.951251234032394f,-8.304402732799945e-18f,0f,0f,0f,1f],start_interpolation:0}
execute if entity @s[tag=aj.maze_npc.bone.body] run data modify entity @s {} merge value {transformation:[-0.9834452049953297f,-0.18120576362713736f,1.2246467991473532e-16f,0f,-0.18120576362713736f,0.9834452049953297f,0f,0.59453125f,-1.2043730224343431e-16f,-2.2191305841302565e-17f,-1f,0f,0f,0f,0f,1f],start_interpolation:0}