execute if entity @s[tag=aj.maze_npc.bone.bone2] run data modify entity @s {} merge value {transformation:[0.9780312685006707f,-0.20845824002655497f,1.2246467991473532e-16f,0.2702634386246209f,-0.20845824002655497f,-0.9780312685006707f,0f,0.9831782492072443f,1.197742862435372e-16f,-2.552877164044112e-17f,-1f,3.3097725503819915e-17f,0f,0f,0f,1f],start_interpolation:0}
execute if entity @s[tag=aj.maze_npc.bone.bone] run data modify entity @s {} merge value {transformation:[-0.9742127818877605f,-0.22563123809993765f,1.2246467991473532e-16f,-0.42156132832812904f,-0.22563123809993765f,0.9742127818877605f,0f,0.7527116274486136f,-1.1930665650272845e-16f,-2.7631857352674297e-17f,-1f,-5.162637313813497e-17f,0f,0f,0f,1f],start_interpolation:0}
execute if entity @s[tag=aj.maze_npc.bone.head] run data modify entity @s {} merge value {transformation:[-0.9492716501783701f,-0.21794299351332183f,0.22668080145015895f,-0.08443543988271106f,-0.26598784660791713f,0.94101730135589f,-0.20913369887648708f,0.9590999394720603f,-0.1677313316721637f,-0.2588190296854738f,-0.951251234032394f,-1.0340359118696086e-17f,0f,0f,0f,1f],start_interpolation:0}
execute if entity @s[tag=aj.maze_npc.bone.body] run data modify entity @s {} merge value {transformation:[-0.9742127818877605f,-0.22563123809993765f,1.2246467991473532e-16f,0f,-0.22563123809993765f,0.9742127818877605f,0f,0.59453125f,-1.1930665650272845e-16f,-2.7631857352674297e-17f,-1f,0f,0f,0f,0f,1f],start_interpolation:0}