execute if entity @s[tag=aj.maze_npc.bone.bone2] run data modify entity @s {} merge value {transformation:[0.16982287117980074f,-0.9854746026277131f,1.2246467991473532e-16f,0.30454920015810405f,-0.9854746026277131f,-0.16982287117980074f,0.0f,0.956937928929982f,2.0797303561235627e-17f,-1.2068583177490386e-16f,-1.0f,3.729652031565087e-17f,0.0f,0.0f,0.0f,1.0f],start_interpolation:0}
execute if entity @s[tag=aj.maze_npc.bone.bone] run data modify entity @s {} merge value {transformation:[-0.9907182083488126f,-0.1359317168512142f,1.2246467991473532e-16f,-0.40539606068981826f,-0.1359317168512142f,0.9907182083488126f,0.0f,0.7904624096677253f,-1.213279882711374e-16f,-1.664683419444438e-17f,-1.0f,-4.9646698811073217e-17f,0.0f,0.0f,0.0f,1.0f],start_interpolation:0}
execute if entity @s[tag=aj.maze_npc.bone.head] run data modify entity @s {} merge value {transformation:[-0.9695577254069768f,-0.13129990815781808f,0.20668369848974016f,-0.05086819716541532f,-0.17839287395838402f,0.9569603147416399f,-0.2289168812701452f,0.9652765795305323f,-0.1677313316721637f,-0.2588190296854738f,-0.951251234032394f,-6.229557483702233e-18f,0.0f,0.0f,0.0f,1.0f],start_interpolation:0}
execute if entity @s[tag=aj.maze_npc.bone.body] run data modify entity @s {} merge value {transformation:[-0.9907182083488126f,-0.1359317168512142f,1.2246467991473532e-16f,0.0f,-0.1359317168512142f,0.9907182083488126f,0.0f,0.59453125f,-1.213279882711374e-16f,-1.664683419444438e-17f,-1.0f,0.0f,0.0f,0.0f,0.0f,1.0f],start_interpolation:0}
return 1