execute if entity @s[tag=aj.maze_npc.bone.bone2] run data modify entity @s {} merge value {transformation:[0.723810678237326f,-0.6899986246867611f,1.2246467991473532e-16f,0.32874588747355726f,-0.6899986246867611f,-0.723810678237326f,0f,0.9351409352986175f,8.864124302920161e-17f,-8.45004607138718e-17f,-1f,4.0259759882734785e-17f,0f,0f,0f,1f],start_interpolation:0}
execute if entity @s[tag=aj.maze_npc.bone.bone] run data modify entity @s {} merge value {transformation:[-0.9977197547964907f,-0.06749289509889647f,1.2246467991473532e-16f,-0.3909654029991121f,-0.06749289509889647f,0.9977197547964907f,0f,0.8178718844786017f,-1.2218543041576044e-16f,-8.265495794805165e-18f,-1f,-4.787945293602177e-17f,0f,0f,0f,1f],start_interpolation:0}
execute if entity @s[tag=aj.maze_npc.bone.head] run data modify entity @s {} merge value {transformation:[-0.9795287774219121f,-0.06519308208224141f,0.1904553392555655f,-0.02525710683779017f,-0.11130846588565048f,0.9637232859702457f,-0.24258576524787065f,0.9678966894902492f,-0.1677313316721637f,-0.2588190296854738f,-0.951251234032394f,-3.093103504462246e-18f,0f,0f,0f,1f],start_interpolation:0}
execute if entity @s[tag=aj.maze_npc.bone.body] run data modify entity @s {} merge value {transformation:[-0.9977197547964907f,-0.06749289509889647f,1.2246467991473532e-16f,0f,-0.06749289509889647f,0.9977197547964907f,0f,0.59453125f,-1.2218543041576044e-16f,-8.265495794805165e-18f,-1f,0f,0f,0f,0f,1f],start_interpolation:0}