execute if entity @s[tag=aj.maze_npc.bone.bone2] run data modify entity @s {} merge value {transformation:[0.3538075888189548f,-0.935318229317764f,1.2246467991473532e-16f,0.2984125077516705f,-0.935318229317764f,-0.3538075888189548f,0f,0.9620074961266839f,4.3328933116117593e-17f,-1.1454344757181696e-16f,-1f,3.654499224436181e-17f,0f,0f,0f,1f],start_interpolation:0}
execute if entity @s[tag=aj.maze_npc.bone.bone] run data modify entity @s {} merge value {transformation:[-0.9882925437343444f,-0.15257079667845647f,1.2246467991473532e-16f,-0.40863320713508827f,-0.15257079667845647f,0.9882925437343444f,0f,0.7836182336293724f,-1.2103093003054605e-16f,-1.8684533779563335e-17f,-1f,-5.004313491433032e-17f,0f,0f,0f,1f],start_interpolation:0}
execute if entity @s[tag=aj.maze_npc.bone.head] run data modify entity @s {} merge value {transformation:[-0.9664210949237293f,-0.147372025275684f,0.2105035711159395f,-0.05709485281951614f,-0.19467015092690218f,0.9546173034461574f,-0.2254092640050185f,0.9643688503505867f,-0.1677313316721637f,-0.2588190296854738f,-0.951251234032394f,-6.992102875320968e-18f,0f,0f,0f,1f],start_interpolation:0}
execute if entity @s[tag=aj.maze_npc.bone.body] run data modify entity @s {} merge value {transformation:[-0.9882925437343444f,-0.15257079667845647f,1.2246467991473532e-16f,0f,-0.15257079667845647f,0.9882925437343444f,0f,0.59453125f,-1.2103093003054605e-16f,-1.8684533779563335e-17f,-1f,0f,0f,0f,0f,1f],start_interpolation:0}