execute if entity @s[tag=aj.maze_npc.bone.bone2] run data modify entity @s {} merge value {transformation:[0.8650127981554758f,-0.5017497972368636f,1.2246467991473532e-16f,0.33807026745779656f,-0.5017497972368636f,-0.8650127981554758f,0f,0.9258880222425693f,1.059335154482599e-16f,-6.144662831589585e-17f,-1f,4.1401667092908016e-17f,0f,0f,0f,1f],start_interpolation:0}
execute if entity @s[tag=aj.maze_npc.bone.bone] run data modify entity @s {} merge value {transformation:[-0.9992083428780468f,-0.03978300545342987f,1.2246467991473532e-16f,-0.38461779946961455f,-0.03978300545342987f,0.9992083428780468f,0f,0.828634077156602f,-1.223677298786931e-16f,-4.872013028900459e-18f,-1f,-4.7102095701556204e-17f,0f,0f,0f,1f],start_interpolation:0}
execute if entity @s[tag=aj.maze_npc.bone.head] run data modify entity @s {} merge value {transformation:[-0.982240127761003f,-0.03842738384299043f,0.18365093952123493f,-0.014887546572025711f,-0.08408645426899279f,0.965161150297531f,-0.24777696052057643f,0.9684537470613941f,-0.1677313316721637f,-0.2588190296854738f,-0.951251234032394f,-1.823198625658844e-18f,0f,0f,0f,1f],start_interpolation:0}
execute if entity @s[tag=aj.maze_npc.bone.body] run data modify entity @s {} merge value {transformation:[-0.9992083428780468f,-0.03978300545342987f,1.2246467991473532e-16f,0f,-0.03978300545342987f,0.9992083428780468f,0f,0.59453125f,-1.223677298786931e-16f,-4.872013028900459e-18f,-1f,0f,0f,0f,0f,1f],start_interpolation:0}