execute if entity @s[tag=aj.maze_npc.bone.bone2] run data modify entity @s {} merge value {transformation:[0.31330883737707715f,-0.9496512899066816f,1.2246467991473532e-16f,0.2634394508030725f,-0.9496512899066816f,-0.31330883737707715f,0f,0.9878358037628258f,3.836926648384162e-17f,-1.1629874124903729e-16f,-1f,3.226202801951194e-17f,0f,0f,0f,1f],start_interpolation:0}
execute if entity @s[tag=aj.maze_npc.bone.bone] run data modify entity @s {} merge value {transformation:[-0.9701265964901058f,-0.2425992307954075f,1.2246467991473532e-16f,-0.42425775073358263f,-0.2425992307954075f,0.9701265964901058f,0f,0.7453302761707408f,-1.188062431159324e-16f,-2.970983714692058e-17f,-1f,-5.195658964493377e-17f,0f,0f,0f,1f],start_interpolation:0}
execute if entity @s[tag=aj.maze_npc.bone.head] run data modify entity @s {} merge value {transformation:[-0.9444849435017683f,-0.23433281614755788f,0.2302961631786699f,-0.0907851808992189f,-0.2825144100288415f,0.9370703501600212f,-0.205145721322749f,0.9575708122802817f,-0.1677313316721637f,-0.2588190296854739f,-0.951251234032394f,-1.1117978119824188e-17f,0f,0f,0f,1f],start_interpolation:0}
execute if entity @s[tag=aj.maze_npc.bone.body] run data modify entity @s {} merge value {transformation:[-0.9701265964901058f,-0.2425992307954075f,1.2246467991473532e-16f,0f,-0.2425992307954075f,0.9701265964901058f,0f,0.59453125f,-1.188062431159324e-16f,-2.970983714692058e-17f,-1f,0f,0f,0f,0f,1f],start_interpolation:0}