execute if entity @s[tag=aj.maze_npc.bone.bone2] run data modify entity @s {} merge value {transformation:[0.7031892025092235f,-0.7110027745898342f,1.2246467991473532e-16f,0.2590060813426704f,-0.7110027745898342f,-0.7031892025092235f,0f,0.9907693931380805f,8.611584060479004e-17f,-8.707272720863276e-17f,-1f,3.171909684760003e-17f,0f,0f,0f,1f],start_interpolation:0}
execute if entity @s[tag=aj.maze_npc.bone.bone] run data modify entity @s {} merge value {transformation:[-0.9673410662106292f,-0.2534783257449898f,1.2246467991473532e-16f,-0.42592445132324513f,-0.2534783257449898f,0.9673410662106292f,0f,0.7405564091903091f,-1.184651140418635e-16f,-3.104214202768319e-17f,-1f,-5.216070159916048e-17f,0f,0f,0f,1f],start_interpolation:0}
execute if entity @s[tag=aj.maze_npc.bone.head] run data modify entity @s {} merge value {transformation:[-0.9412527879580767f,-0.24484121510681559f,0.23258540054389976f,-0.09485634221238291f,-0.2931030357001286f,0.9343797350422834f,-0.20254659020995955f,0.9565284146210089f,-0.1677313316721637f,-0.2588190296854739f,-0.951251234032394f,-1.1616551586922069e-17f,0f,0f,0f,1f],start_interpolation:0}
execute if entity @s[tag=aj.maze_npc.bone.body] run data modify entity @s {} merge value {transformation:[-0.9673410662106292f,-0.2534783257449898f,1.2246467991473532e-16f,0f,-0.2534783257449898f,0.9673410662106292f,0f,0.59453125f,-1.184651140418635e-16f,-3.104214202768319e-17f,-1f,0f,0f,0f,0f,1f],start_interpolation:0}