execute if entity @s[tag=aj.maze_npc.bone.bone2] run data modify entity @s {} merge value {transformation:[0.9381384672626838f,-0.3462603301592924f,1.2246467991473532e-16f,0.26398835058439285f,-0.3462603301592924f,-0.9381384672626838f,0.0f,0.987467589634974f,1.1488882710902497e-16f,-4.240466050012832e-17f,-1.0f,3.23292488555366e-17f,0.0f,0.0f,0.0f,1.0f],start_interpolation:0}
execute if entity @s[tag=aj.maze_npc.bone.bone] run data modify entity @s {} merge value {transformation:[-0.9704643831515374f,-0.241244442494135f,1.2246467991473532e-16f,-0.42404678208466173f,-0.241244442494135f,0.9704643831515374f,0.0f,0.7459225045532466f,-1.1884761005130407e-16f,-2.9543923431253014e-17f,-1.0f,-5.193075343687162e-17f,0.0f,0.0f,0.0f,1.0f],start_interpolation:0}
execute if entity @s[tag=aj.maze_npc.bone.head] run data modify entity @s {} merge value {transformation:[-0.9448784872438801f,-0.2330241911161324f,0.2300095013219866f,-0.09027819371460209f,-0.28119538530921767f,0.9373966269553896f,-0.20546707535140174f,0.9576972183824894f,-0.1677313316721637f,-0.2588190296854739f,-0.951251234032394f,-1.1055890096539215e-17f,0.0f,0.0f,0.0f,1.0f],start_interpolation:0}
execute if entity @s[tag=aj.maze_npc.bone.body] run data modify entity @s {} merge value {transformation:[-0.9704643831515374f,-0.241244442494135f,1.2246467991473532e-16f,0.0f,-0.241244442494135f,0.9704643831515374f,0.0f,0.59453125f,-1.1884761005130407e-16f,-2.9543923431253014e-17f,-1.0f,0.0f,0.0f,0.0f,0.0f,1.0f],start_interpolation:0}
return 1