execute if entity @s[tag=aj.maze_npc.bone.bone2] run data modify entity @s {} merge value {transformation:[0.9866433320848791f,-0.16289547339458887f,1.2246467991473532e-16f,0.26968657200010143f,-0.16289547339458887f,-0.9866433320848791f,0f,0.9835787652636682f,1.2082895985378263e-16f,-1.994894200882761e-17f,-1f,3.302707971729465e-17f,0f,0f,0f,1f],start_interpolation:0}
execute if entity @s[tag=aj.maze_npc.bone.bone] run data modify entity @s {} merge value {transformation:[-0.9738769792773336f,-0.2270762630343732f,1.2246467991473532e-16f,-0.4217955296570978f,-0.2270762630343732f,0.9738769792773336f,0f,0.752086054791383f,-1.19265532543528e-16f,-2.780882186873876e-17f,-1f,-5.165505452892274e-17f,0f,0f,0f,1f],start_interpolation:0}
execute if entity @s[tag=aj.maze_npc.bone.head] run data modify entity @s {} merge value {transformation:[-0.9488760048019402f,-0.21933878043947286f,0.22699080797784094f,-0.08497619530739435f,-0.2673958262325554f,0.9406929410110371f,-0.20879718112420603f,0.9589742758389397f,-0.1677313316721637f,-0.2588190296854738f,-0.951251234032394f,-1.0406582558692085e-17f,0f,0f,0f,1f],start_interpolation:0}
execute if entity @s[tag=aj.maze_npc.bone.body] run data modify entity @s {} merge value {transformation:[-0.9738769792773336f,-0.2270762630343732f,1.2246467991473532e-16f,0f,-0.2270762630343732f,0.9738769792773336f,0f,0.59453125f,-1.19265532543528e-16f,-2.780882186873876e-17f,-1f,0f,0f,0f,0f,1f],start_interpolation:0}