execute if entity @s[tag=aj.maze_npc.bone.bone2] run data modify entity @s {} merge value {transformation:[0.9882025006638988f,-0.1531529225369767f,1.2246467991473532e-16f,0.26583494513993455f,-0.1531529225369767f,-0.9882025006638988f,0.0f,0.9862206654715545f,1.210199029347454e-16f,-1.8755823636497108e-17f,-1.0f,3.255539146671331e-17f,0.0f,0.0f,0.0f,1.0f],start_interpolation:0}
execute if entity @s[tag=aj.maze_npc.bone.bone] run data modify entity @s {} merge value {transformation:[-0.9715891504130423f,-0.23667387434962645f,1.2246467991473532e-16f,-0.4233294985279618f,-0.23667387434962645f,0.9715891504130423f,0.0f,0.7479167806983904f,-1.1898535431396286e-16f,-2.898419026640729e-17f,-1.0f,-5.1842911535692264e-17f,0.0f,0.0f,0.0f,1.0f],start_interpolation:0}
execute if entity @s[tag=aj.maze_npc.bone.head] run data modify entity @s {} merge value {transformation:[-0.9461915837253543f,-0.22860936123079623f,0.22903983680782103f,-0.08856780141677428f,-0.27674480530407175f,0.9384830684835594f,-0.20654743500439376f,0.9581181273811307f,-0.1677313316721637f,-0.2588190296854739f,-0.951251234032394f,-1.0846427451257105e-17f,0.0f,0.0f,0.0f,1.0f],start_interpolation:0}
execute if entity @s[tag=aj.maze_npc.bone.body] run data modify entity @s {} merge value {transformation:[-0.9715891504130423f,-0.23667387434962645f,1.2246467991473532e-16f,0.0f,-0.23667387434962645f,0.9715891504130423f,0.0f,0.59453125f,-1.1898535431396286e-16f,-2.898419026640729e-17f,-1.0f,0.0f,0.0f,0.0f,0.0f,1.0f],start_interpolation:0}
return 1