execute if entity @s[tag=aj.maze_npc.bone.bone2] run data modify entity @s {} merge value {transformation:[0.14681949335644526f,-0.9891633011644523f,1.2246467991473532e-16f,0.2724298265356205f,-0.9891633011644523f,-0.14681949335644526f,0.0f,0.9816627597790049f,1.798020225914068e-17f,-1.2113756706050757e-16f,-1.0f,3.336303150591162e-17f,0.0f,0.0f,0.0f,1.0f],start_interpolation:0}
execute if entity @s[tag=aj.maze_npc.bone.bone] run data modify entity @s {} merge value {transformation:[-0.9754577437121731f,-0.2201867167473015f,1.2246467991473532e-16f,-0.42067131220643145f,-0.2201867167473015f,0.9754577437121731f,0.0f,0.7550635907855301f,-1.194591203540612e-16f,-2.696509578793477e-17f,-1.0f,-5.151737759867231e-17f,0.0f,0.0f,0.0f,1.0f],start_interpolation:0}
execute if entity @s[tag=aj.maze_npc.bone.head] run data modify entity @s {} merge value {transformation:[-0.9507423936440471f,-0.21268398964381421f,0.2255092492053878f,-0.08239799790777924f,-0.2606819926720494f,0.9422198418744213f,-0.21039645499549142f,0.9595658275297898f,-0.1677313316721637f,-0.2588190296854738f,-0.951251234032394f,-1.0090844439391215e-17f,0.0f,0.0f,0.0f,1.0f],start_interpolation:0}
execute if entity @s[tag=aj.maze_npc.bone.body] run data modify entity @s {} merge value {transformation:[-0.9754577437121731f,-0.2201867167473015f,1.2246467991473532e-16f,0.0f,-0.2201867167473015f,0.9754577437121731f,0.0f,0.59453125f,-1.194591203540612e-16f,-2.696509578793477e-17f,-1.0f,0.0f,0.0f,0.0f,0.0f,1.0f],start_interpolation:0}
return 1