execute if entity @s[tag=aj.maze_npc.bone.bone2] run data modify entity @s {} merge value {transformation:[0.9417036964263291f,-0.3364433802840956f,1.2246467991473532e-16f,0.2752287950809851f,-0.3364433802840956f,-0.9417036964263291f,0.0f,0.9796778800102718f,1.1532544175737347e-16f,-4.120243087592333e-17f,-1.0f,3.370580629291111e-17f,0.0f,0.0f,0.0f,1.0f],start_interpolation:0}
execute if entity @s[tag=aj.maze_npc.bone.bone] run data modify entity @s {} merge value {transformation:[-0.9770281426577544f,-0.21311031991609136f,1.2246467991473532e-16f,-0.4194966410382463f,-0.21311031991609136f,0.9770281426577544f,0.0f,0.7581086124594529f,-1.1965143875827024e-16f,-2.6098487115050974e-17f,-1.0f,-5.137352187005545e-17f,0.0f,0.0f,0.0f,1.0f],start_interpolation:0}
execute if entity @s[tag=aj.maze_npc.bone.head] run data modify entity @s {} merge value {transformation:[-0.952606972174987f,-0.20584871508164979f,0.22397826471074725f,-0.07974987753109983f,-0.25378368138847385f,0.9437367304348727f,-0.21202553310629835f,0.9601535002602065f,-0.1677313316721637f,-0.2588190296854738f,-0.951251234032394f,-9.766543225085484e-18f,0.0f,0.0f,0.0f,1.0f],start_interpolation:0}
execute if entity @s[tag=aj.maze_npc.bone.body] run data modify entity @s {} merge value {transformation:[-0.9770281426577544f,-0.21311031991609136f,1.2246467991473532e-16f,0.0f,-0.21311031991609136f,0.9770281426577544f,0.0f,0.59453125f,-1.1965143875827024e-16f,-2.6098487115050974e-17f,-1.0f,0.0f,0.0f,0.0f,0.0f,1.0f],start_interpolation:0}
return 1