execute if entity @s[tag=aj.maze_npc.bone.bone2] run data modify entity @s {} merge value {transformation:[0.7198245880301581f,-0.6941560072975044f,1.2246467991473532e-16f,0.24955283963041475f,-0.6941560072975044f,-0.7198245880301581f,0.0f,0.9967901175000173f,8.815308776786953e-17f,-8.500959324457955e-17f,-1.0f,3.056140862715201e-17f,0.0f,0.0f,0.0f,1.0f],start_interpolation:0}
execute if entity @s[tag=aj.maze_npc.bone.bone] run data modify entity @s {} merge value {transformation:[-0.9610690305242938f,-0.2763083758540336f,1.2246467991473532e-16f,-0.4292621144914826f,-0.2763083758540336f,0.9610690305242938f,0.0f,0.7304320315057138f,-1.1769701119912263e-16f,-3.383801680672461e-17f,-1.0f,-5.2569447450721885e-17f,0.0f,0.0f,0.0f,1.0f],start_interpolation:0}
execute if entity @s[tag=aj.maze_npc.bone.head] run data modify entity @s {} merge value {transformation:[-0.9340499780721055f,-0.2668933505228426f,0.237315355403291f,-0.10339977502662666f,-0.3153043590548375f,0.9283214148770678f,-0.19698353190471848f,0.954181301266513f,-0.1677313316721637f,-0.2588190296854739f,-0.951251234032394f,-1.2662820351891478e-17f,0.0f,0.0f,0.0f,1.0f],start_interpolation:0}
execute if entity @s[tag=aj.maze_npc.bone.body] run data modify entity @s {} merge value {transformation:[-0.9610690305242938f,-0.2763083758540336f,1.2246467991473532e-16f,0.0f,-0.2763083758540336f,0.9610690305242938f,0.0f,0.59453125f,-1.1769701119912263e-16f,-3.383801680672461e-17f,-1.0f,0.0f,0.0f,0.0f,0.0f,1.0f],start_interpolation:0}
return 1