execute if entity @s[tag=aj.maze_npc.bone.bone2] run data modify entity @s {} merge value {transformation:[0.950305399103907f,-0.31131920665767376f,1.2246467991473532e-16f,0.2492719491713869f,-0.31131920665767376f,-0.950305399103907f,0.0f,0.9969642402061926f,1.163788465225048e-16f,-3.812560699464135e-17f,-1.0f,3.052700946699607e-17f,0.0f,0.0f,0.0f,1.0f],start_interpolation:0}
execute if entity @s[tag=aj.maze_npc.bone.bone] run data modify entity @s {} merge value {transformation:[-0.9608758966968985f,-0.2769792612217224f,1.2246467991473532e-16f,-0.4293568865189381f,-0.2769792612217224f,0.9608758966968985f,0.0f,0.7301323169217843f,-1.1767335912676996e-16f,-3.392017656853809e-17f,-1.0f,-5.2581053676729087e-17f,0.0f,0.0f,0.0f,1.0f],start_interpolation:0}
execute if entity @s[tag=aj.maze_npc.bone.head] run data modify entity @s {} merge value {transformation:[-0.9338296264992245f,-0.2675413760381641f,0.2374528180079672f,-0.10365083291031645f,-0.31595637206393185f,0.928134861957181f,-0.19681780654179332f,0.9541090269670425f,-0.1677313316721637f,-0.2588190296854739f,-0.951251234032394f,-1.2693566075257617e-17f,0.0f,0.0f,0.0f,1.0f],start_interpolation:0}
execute if entity @s[tag=aj.maze_npc.bone.body] run data modify entity @s {} merge value {transformation:[-0.9608758966968985f,-0.2769792612217224f,1.2246467991473532e-16f,0.0f,-0.2769792612217224f,0.9608758966968985f,0.0f,0.59453125f,-1.1767335912676996e-16f,-3.392017656853809e-17f,-1.0f,0.0f,0.0f,0.0f,0.0f,1.0f],start_interpolation:0}
return 1