execute if entity @s[tag=aj.maze_npc.bone.bone2] run data modify entity @s {} merge value {transformation:[0.9843108176827994f,-0.176443232209736f,1.2246467991473532e-16f,0.252913998980329f,-0.176443232209736f,-0.9843108176827994f,0.0f,0.9946853770183004f,1.205433092241354e-16f,-2.1608063955686636e-17f,-1.0f,3.0973031931081684e-17f,0.0f,0.0f,0.0f,1.0f],start_interpolation:0}
execute if entity @s[tag=aj.maze_npc.bone.bone] run data modify entity @s {} merge value {transformation:[-0.9633500735172849f,-0.26824734081485674f,1.2246467991473532e-16f,-0.42810854453768443f,-0.26824734081485674f,0.9633500735172849f,0.0f,0.7340233983288146f,-1.1797635839913102e-16f,-3.2850824730870346e-17f,-1.0f,-5.242817587557073e-17f,0.0f,0.0f,0.0f,1.0f],start_interpolation:0}
execute if entity @s[tag=aj.maze_npc.bone.head] run data modify entity @s {} merge value {transformation:[-0.9366586573736723f,-0.25910698844732305f,0.23565680152439572f,-0.10038318457055968f,-0.30746830721625973f,0.9305247328311207f,-0.1989647246301191f,0.9550349103240464f,-0.1677313316721637f,-0.2588190296854739f,-0.951251234032394f,-1.2293394567255389e-17f,0.0f,0.0f,0.0f,1.0f],start_interpolation:0}
execute if entity @s[tag=aj.maze_npc.bone.body] run data modify entity @s {} merge value {transformation:[-0.9633500735172849f,-0.26824734081485674f,1.2246467991473532e-16f,0.0f,-0.26824734081485674f,0.9633500735172849f,0.0f,0.59453125f,-1.1797635839913102e-16f,-3.2850824730870346e-17f,-1.0f,0.0f,0.0f,0.0f,0.0f,1.0f],start_interpolation:0}
return 1