execute if entity @s[tag=aj.maze_npc.bone.bone2] run data modify entity @s {} merge value {transformation:[0.7296354630246297f,-0.6838363043132721f,1.2246467991473532e-16f,0.2863567318865282f,-0.6838363043132721f,-0.7296354630246297f,0.0f,0.9714777161636543f,8.935457343375097e-17f,-8.37457941218004e-17f,-1.0f,3.506858551191336e-17f,0.0f,0.0f,0.0f,1.0f],start_interpolation:0}
execute if entity @s[tag=aj.maze_npc.bone.bone] run data modify entity @s {} merge value {transformation:[-0.9828338668184075f,-0.18449279182335782f,1.2246467991473532e-16f,-0.41454176301913026f,-0.18449279182335782f,0.9828338668184075f,0.0f,0.7702870808123908f,-1.2036243490927787e-16f,-2.2593850697223412e-17f,-1.0f,-5.076672431942785e-17f,0.0f,0.0f,0.0f,1.0f],start_interpolation:0}
execute if entity @s[tag=aj.maze_npc.bone.head] run data modify entity @s {} merge value {transformation:[-0.9596106639270672f,-0.17820630521093375f,0.21769218281904637f,-0.06904066194014719f,-0.22586184727159256f,0.9493446279701262f,-0.21847472002803084f,0.9623261110984509f,-0.1677313316721637f,-0.2588190296854738f,-0.951251234032394f,-8.455042565601574e-18f,0.0f,0.0f,0.0f,1.0f],start_interpolation:0}
execute if entity @s[tag=aj.maze_npc.bone.body] run data modify entity @s {} merge value {transformation:[-0.9828338668184075f,-0.18449279182335782f,1.2246467991473532e-16f,0.0f,-0.18449279182335782f,0.9828338668184075f,0.0f,0.59453125f,-1.2036243490927787e-16f,-2.2593850697223412e-17f,-1.0f,0.0f,0.0f,0.0f,0.0f,1.0f],start_interpolation:0}
return 1