execute if entity @s[tag=aj.escapement.bone.left_hand] run data modify entity @s {} merge value {transformation:[-0.5249765803345602f,0.8511166724369997f,1.2246467991473532e-16f,0.0f,0.8511166724369997f,0.5249765803345602f,0.0f,0.75f,-6.429108887340424e-17f,1.0423173086009181e-16f,-1.0f,0.0f,0.0f,0.0f,0.0f,1.0f],start_interpolation:0}
execute if entity @s[tag=aj.escapement.bone.right_hand] run data modify entity @s {} merge value {transformation:[-0.5249765803345602f,-0.8511166724369997f,1.2246467991473532e-16f,0.0f,-0.8511166724369997f,0.5249765803345602f,0.0f,0.75f,-6.429108887340424e-17f,-1.0423173086009181e-16f,-1.0f,0.0f,0.0f,0.0f,0.0f,1.0f],start_interpolation:0}
execute if entity @s[tag=aj.escapement.bone.cog] run data modify entity @s {} merge value {transformation:[-0.5877852522924731f,-0.8090169943749473f,1.2246467991473532e-16f,0.0f,-0.8090169943749473f,0.5877852522924731f,0.0f,0.731694375f,-7.198293278059966e-17f,-9.907600726170915e-17f,-1.0f,0.0f,0.0f,0.0f,0.0f,1.0f],start_interpolation:0}
return 1