execute if entity @s[tag=aj.escapement.bone.left_hand] run data modify entity @s {} merge value {transformation:[-0.4809887689193877f,0.8767267557075077f,1.2246467991473532e-16f,0f,0.8767267557075077f,0.4809887689193877f,0f,0.75f,-5.89041356282954e-17f,1.0736806151040428e-16f,-1f,0f,0f,0f,0f,1f],start_interpolation:0}
execute if entity @s[tag=aj.escapement.bone.right_hand] run data modify entity @s {} merge value {transformation:[-0.4809887689193877f,-0.8767267557075077f,1.2246467991473532e-16f,0f,-0.8767267557075077f,0.4809887689193877f,0f,0.75f,-5.89041356282954e-17f,-1.0736806151040428e-16f,-1f,0f,0f,0f,0f,1f],start_interpolation:0}
execute if entity @s[tag=aj.escapement.bone.cog] run data modify entity @s {} merge value {transformation:[0.30901699437494745f,-0.9510565162951536f,1.2246467991473532e-16f,0f,-0.9510565162951536f,-0.30901699437494745f,0f,0.731694375f,3.7843667304341506e-17f,-1.1647083184890926e-16f,-1f,0f,0f,0f,0f,1f],start_interpolation:0}