execute if entity @s[tag=aj.escapement.bone.left_hand] run data modify entity @s {} merge value {transformation:[-0.62023549126826f,0.7844156649195757f,1.2246467991473532e-16f,0f,0.7844156649195757f,0.62023549126826f,0f,0.75f,-7.595694090992608e-17f,9.606321332448011e-17f,-1f,0f,0f,0f,0f,1f],start_interpolation:0}
execute if entity @s[tag=aj.escapement.bone.right_hand] run data modify entity @s {} merge value {transformation:[-0.62023549126826f,-0.7844156649195757f,1.2246467991473532e-16f,0f,-0.7844156649195757f,0.62023549126826f,0f,0.75f,-7.595694090992608e-17f,-9.606321332448011e-17f,-1f,0f,0f,0f,0f,1f],start_interpolation:0}
execute if entity @s[tag=aj.escapement.bone.cog] run data modify entity @s {} merge value {transformation:[-0.8910065241883679f,-0.45399049973954675f,1.2246467991473532e-16f,0f,-0.45399049973954675f,0.8910065241883679f,0f,0.731694375f,-1.0911682878666935e-16f,-5.559780123493432e-17f,-1f,0f,0f,0f,0f,1f],start_interpolation:0}