execute if entity @s[tag=aj.escapement.bone.left_hand] run data modify entity @s {} merge value {transformation:[-0.4226182617406993f,0.90630778703665f,1.2246467991473532e-16f,0f,0.90630778703665f,0.4226182617406993f,0f,0.75f,-5.175581015019657e-17f,1.1099069304367546e-16f,-1f,0f,0f,0f,0f,1f],start_interpolation:0}
execute if entity @s[tag=aj.escapement.bone.right_hand] run data modify entity @s {} merge value {transformation:[-0.4226182617406993f,-0.90630778703665f,1.2246467991473532e-16f,0f,-0.90630778703665f,0.4226182617406993f,0f,0.75f,-5.175581015019657e-17f,-1.1099069304367546e-16f,-1f,0f,0f,0f,0f,1f],start_interpolation:0}
execute if entity @s[tag=aj.escapement.bone.cog] run data modify entity @s {} merge value {transformation:[-0.15643446504023084f,-0.9876883405951378f,1.2246467991473532e-16f,0f,-0.9876883405951378f,0.15643446504023084f,0f,0.731694375f,-1.9157696688784723e-17f,-1.2095693648649962e-16f,-1f,0f,0f,0f,0f,1f],start_interpolation:0}