execute if entity @s[tag=aj.maze_npc.bone.bone2] run data modify entity @s {} merge value {transformation:[-0.9749584815901791f,0.21614309166700768f,1.2229690330325214e-16f,0.35050415055f,0.21614309166700768f,0.9749584815901791f,0f,0.91174107635f,-1.1939797837809766e-16f,2.6469894536781393e-17f,-0.99863f,4.2924378605891953e-17f,0f,0f,0f,1f],start_interpolation:0}
execute if entity @s[tag=aj.maze_npc.bone.bone] run data modify entity @s {} merge value {transformation:[-0.9749584815901791f,-0.21614309166700768f,1.2229690330325214e-16f,-0.37448625f,-0.21614309166700768f,0.9749584815901791f,0f,0.8434085703125f,-1.1939797837809766e-16f,-2.6469894536781393e-17f,-0.99863f,-4.5861338738719554e-17f,0f,0f,0f,1f],start_interpolation:0}
execute if entity @s[tag=aj.maze_npc.bone.head] run data modify entity @s {} merge value {transformation:[-0.9834585556302707f,-0.01511365852014799f,0.17275046623311366f,0f,-0.04488184978080835f,0.9831163390313981f,-0.1694985557158355f,0.9682373203125f,-0.16750153974777285f,-0.17468748711810356f,-0.9688598417348547f,0f,0f,0f,0f,1f],start_interpolation:0}
execute if entity @s[tag=aj.maze_npc.bone.body] run data modify entity @s {} merge value {transformation:[-0.99863f,0f,1.2229690330325214e-16f,0f,0f,0.99863f,0f,0.59453125f,-1.2229690330325214e-16f,0f,-0.99863f,0f,0f,0f,0f,1f],start_interpolation:0}