execute if entity @s[tag=aj.maze_npc.bone.bone3] run data modify entity @s {} merge value {transformation:[-1.0f,0.0f,1.2246467991473532e-16f,-0.250246875f,0.0f,1.0f,0.0f,0.1384475f,-1.2246467991473532e-16f,0.0f,-1.0f,0.040435624999999975f,0.0f,0.0f,0.0f,1.0f],start_interpolation:0}
execute if entity @s[tag=aj.maze_npc.bone.bone4] run data modify entity @s {} merge value {transformation:[-1.0f,0.0f,1.2246467991473532e-16f,0.13926625f,0.0f,1.0f,0.0f,0.123083125f,-1.2246467991473532e-16f,0.0f,-1.0f,0.039830625000000015f,0.0f,0.0f,0.0f,1.0f],start_interpolation:0}
execute if entity @s[tag=aj.maze_npc.bone.bone2] run data modify entity @s {} merge value {transformation:[-0.9762960071199334f,0.21643961393810288f,1.2246467991473532e-16f,0.350985f,0.21643961393810288f,0.9762960071199334f,0.0f,0.91217625f,-1.195617780139768e-16f,2.6506208041798655e-17f,-1.0f,4.2983265679873376e-17f,0.0f,0.0f,0.0f,1.0f],start_interpolation:0}
execute if entity @s[tag=aj.maze_npc.bone.bone] run data modify entity @s {} merge value {transformation:[-0.9762960071199334f,-0.21643961393810288f,1.2246467991473532e-16f,-0.375f,-0.21643961393810288f,0.9762960071199334f,0.0f,0.84375f,-1.195617780139768e-16f,-2.6506208041798655e-17f,-1.0f,-4.592425496802574e-17f,0.0f,0.0f,0.0f,1.0f],start_interpolation:0}
execute if entity @s[tag=aj.maze_npc.bone.head] run data modify entity @s {} merge value {transformation:[-0.9848077422371356f,-0.015134392638062134f,0.1729874590520149f,0.0f,-0.044943422269317315f,0.9844650561583349f,-0.16973108730544395f,0.96875f,-0.1677313316721637f,-0.17492713729619935f,-0.9701890006657669f,0.0f,0.0f,0.0f,0.0f,1.0f],start_interpolation:0}
execute if entity @s[tag=aj.maze_npc.bone.body] run data modify entity @s {} merge value {transformation:[-1.0f,0.0f,1.2246467991473532e-16f,0.0f,0.0f,1.0f,0.0f,0.59453125f,-1.2246467991473532e-16f,0.0f,-1.0f,0.0f,0.0f,0.0f,0.0f,1.0f],start_interpolation:0}
execute if entity @s[tag=aj.maze_npc.bone.steve] run data modify entity @s {} merge value {transformation:[-1.0416666666666667f,0.0f,1.2756737491118264e-16f,0.0f,0.0f,1.0416666666666667f,0.0f,0.0f,-1.2756737491118264e-16f,0.0f,-1.0416666666666667f,0.0f,0.0f,0.0f,0.0f,1.0f],start_interpolation:0}
return 1