execute if entity @s[tag=aj.launchpad.bone.petal4] run data modify entity @s {} merge value {transformation:[0.9967508230238524f,0.07780229317239556f,-0.02084706162483281f,0.0f,-0.08054686090266322f,0.9627873623336237f,-0.25797809622018497f,0.0f,2.8929463940932714e-17f,0.2588190451025204f,0.9659258262890684f,0.0f,0.0f,0.0f,0.0f,1.0f],start_interpolation:0}
execute if entity @s[tag=aj.launchpad.bone.petal] run data modify entity @s {} merge value {transformation:[-0.7417417727387392f,-0.6478325196963914f,0.1735862004832675f,0.0f,0.67068557653672f,-0.7164675347257848f,0.1919768973328918f,0.0f,-2.3975928264885086e-16f,0.258819045102521f,0.9659258262890683f,0.0f,0.0f,0.0f,0.0f,1.0f],start_interpolation:0}
execute if entity @s[tag=aj.launchpad.bone.petal2] run data modify entity @s {} merge value {transformation:[-0.8626902557625368f,0.4885002367486038f,-0.13089324393920104f,0.0f,-0.5057326592305159f,-0.8332947981289559f,0.22328066821570952f,0.0f,6.646122479005197e-18f,0.2588190451025212f,0.9659258262890683f,0.0f,0.0f,0.0f,0.0f,1.0f],start_interpolation:0}
execute if entity @s[tag=aj.launchpad.bone.petal3] run data modify entity @s {} merge value {transformation:[0.22290984657150048f,0.9416222281954226f,-0.2523069156201581f,0.0f,-0.9748390637953889f,0.21531437773754608f,-0.05769331363358493f,0.0f,3.547786402586717e-16f,0.2588190451025208f,0.9659258262890683f,0.0f,0.0f,0.0f,0.0f,1.0f],start_interpolation:0}
execute if entity @s[tag=aj.launchpad.bone.petal5] run data modify entity @s {} merge value {transformation:[0.37654765971635906f,-0.8948310266520807f,0.23976925095373758f,0.0f,0.9263972473847993f,0.36371710934873913f,-0.09745770572337693f,0.0f,-1.5958772217938766e-16f,0.25881904510252074f,0.9659258262890683f,0.0f,0.0f,0.0f,0.0f,1.0f],start_interpolation:0}
execute if entity @s[tag=aj.launchpad.bone.petal6] run data modify entity @s {} merge value {transformation:[-0.3928628116660011f,0.6508691260392778f,-0.689880969427879f,1.5308084989341916e-18f,-0.9484547280760867f,-0.2695988193353922f,0.2857580539601262f,-2.7755575615628915e-18f,1.624874369038529e-16f,0.7273736415730488f,0.6862416378687334f,-0.0125f,0.0f,0.0f,0.0f,1.0f],start_interpolation:0}
execute if entity @s[tag=aj.launchpad.bone.petal7] run data modify entity @s {} merge value {transformation:[0.7864212253059426f,0.45284108482016117f,-0.47998350834919207f,1.5308084989341916e-18f,-0.6598857601042012f,0.5396749897086865f,-0.5720220704611224f,-2.7755575615628915e-18f,1.8732174530197971e-16f,0.7273736415730486f,0.6862416378687337f,-0.0125f,0.0f,0.0f,0.0f,1.0f],start_interpolation:0}
execute if entity @s[tag=aj.launchpad.bone.petal9] run data modify entity @s {} merge value {transformation:[-0.2657036317022476f,-0.6804905577533756f,0.7212778527784809f,1.5308084989341916e-18f,0.9916194532683574f,-0.18233689540702086f,0.19326581817044816f,-2.7755575615628915e-18f,-3.359897867924332e-16f,0.7273736415730487f,0.6862416378687336f,-0.0125f,0.0f,0.0f,0.0f,1.0f],start_interpolation:0}
execute if entity @s[tag=aj.launchpad.bone.petal10] run data modify entity @s {} merge value {transformation:[-1.0226934770609857f,-0.06140084298358406f,0.06508109140000534f,1.5308084989341916e-18f,0.08947408550474595f,-0.7018148467360008f,0.7438802786228523f,-2.7755575615628915e-18f,-8.959991605483325e-17f,0.7273736415730488f,0.6862416378687335f,-0.0125f,0.0f,0.0f,0.0f,1.0f],start_interpolation:0}
execute if entity @s[tag=aj.launchpad.bone.petal8] run data modify entity @s {} merge value {transformation:[0.865825658271508f,-0.3785252451208202f,0.40121332017385924f,1.5308084989341916e-18f,0.5515917779288488f,0.5941656178410144f,-0.6297787620243287f,-2.7755575615628915e-18f,-1.274672187704373e-16f,0.7273736415730485f,0.6862416378687337f,-0.0125f,0.0f,0.0f,0.0f,1.0f],start_interpolation:0}
execute if entity @s[tag=aj.launchpad.bone.tentacle] run data modify entity @s {} merge value {transformation:[-0.09659258262890681f,-0.011950933515490472f,0.02295752968387785f,-1.9900510486144486e-17f,0.025881904510252064f,-0.04460149107768812f,0.08567866719650287f,0.22500000000000003f,-1.7576116975473e-17f,0.08870108331782217f,0.04617486132350336f,0.16249999999999995f,0.0f,0.0f,0.0f,1.0f],start_interpolation:0}
execute if entity @s[tag=aj.launchpad.bone.tentacle1] run data modify entity @s {} merge value {transformation:[0.07933533402912354f,0.0026553800585006767f,-0.06081820230187926f,-5.0516680464828325e-17f,-0.060876142900872066f,0.0034605586667746696f,-0.07925982437039852f,-0.2749999999999999f,1.3518543922118993e-17f,0.09990482215818576f,0.004361938736533599f,0.41250000000000003f,0.0f,0.0f,0.0f,1.0f],start_interpolation:0}
execute if entity @s[tag=aj.launchpad.bone.tentacle2] run data modify entity @s {} merge value {transformation:[0.038268343236508955f,0.012059047744873907f,0.0915975615036753f,-0.18750000000000006f,0.09238795325112863f,-0.004995021125231449f,-0.03794095225512603f,-0.03749999999999991f,-1.2358279222199209e-17f,0.09914448613738103f,-0.013052619222005096f,0.4125f,0.0f,0.0f,0.0f,1.0f],start_interpolation:0}
execute if entity @s[tag=aj.launchpad.bone.tentacle3] run data modify entity @s {} merge value {transformation:[-0.021643961393810304f,0.016953202249987673f,-0.0961463877046572f,0.12499999999999994f,-0.09762960071199331f,-0.0037584344535285304f,0.021315140986521305f,-0.4187499999999999f,1.7639726534121797e-17f,0.09848077530122078f,0.01736481776669302f,0.4125000000000001f,0.0f,0.0f,0.0f,1.0f],start_interpolation:0}
return 1