execute if entity @s[tag=aj.launchpad.bone.petal4] run data modify entity @s {} merge value {transformation:[0.9999336550595921f,0.01112642069209957f,-0.0029813154390969793f,0.0f,-0.01151891831575258f,0.9658617419976848f,-0.2588018737683968f,0.0f,1.3991966206913635e-17f,0.25881904510252046f,0.9659258262890684f,0.0f,0.0f,0.0f,0.0f,1.0f],start_interpolation:0}
execute if entity @s[tag=aj.launchpad.bone.petal] run data modify entity @s {} merge value {transformation:[-0.7862884321366188f,-0.5968065573049254f,0.1599138350674533f,0.0f,0.6178596130903344f,-0.7594963035130994f,0.20350642118075826f,0.0f,-2.334849548500461e-16f,0.2588190451025211f,0.9659258262890683f,0.0f,0.0f,0.0f,0.0f,1.0f],start_interpolation:0}
execute if entity @s[tag=aj.launchpad.bone.petal2] run data modify entity @s {} merge value {transformation:[-0.8257046778135966f,0.5448813057272928f,-0.14600050584044416f,0.0f,-0.5641026369702103f,-0.7975694731878471f,0.21370809624839995f,0.0f,2.413628809067697e-17f,0.25881904510252124f,0.9659258262890683f,0.0f,0.0f,0.0f,0.0f,1.0f],start_interpolation:0}
execute if entity @s[tag=aj.launchpad.bone.petal3] run data modify entity @s {} merge value {transformation:[0.28970006154390743f,0.9245044946522409f,-0.24772023274101143f,0.0f,-0.9571174819955262f,0.2798287713227928f,-0.0749798932949354f,0.0f,3.590231009273068e-16f,0.2588190451025208f,0.9659258262890683f,0.0f,0.0f,0.0f,0.0f,1.0f],start_interpolation:0}
execute if entity @s[tag=aj.launchpad.bone.petal5] run data modify entity @s {} merge value {transformation:[0.31167163684794186f,-0.9178129361925638f,0.24592723505563513f,0.0f,0.9501898709124007f,0.30105168335321475f,-0.08066655543452388f,0.0f,-1.728157672454257e-16f,0.2588190451025208f,0.9659258262890683f,0.0f,0.0f,0.0f,0.0f,1.0f],start_interpolation:0}
execute if entity @s[tag=aj.launchpad.bone.petal6] run data modify entity @s {} merge value {transformation:[-0.4078640022147127f,0.6301872975049143f,-0.7565980212509473f,1.5308084989341916e-18f,-0.9846708057505291f,-0.261032125461784f,0.3133931616667898f,-2.7755575615628915e-18f,1.6869190556412078e-16f,0.7683766156489816f,0.6399979504059503f,-0.0125f,0.0f,0.0f,0.0f,1.0f],start_interpolation:0}
execute if entity @s[tag=aj.launchpad.bone.petal7] run data modify entity @s {} merge value {transformation:[0.8164501674762066f,0.4384517378763939f,-0.5264017834138139f,1.5308084989341916e-18f,-0.6850830344039137f,0.5225264337933675f,-0.6273412165314115f,-2.7755575615628915e-18f,2.521053001413643e-16f,0.7683766156489813f,0.6399979504059506f,-0.0125f,0.0f,0.0f,0.0f,1.0f],start_interpolation:0}
execute if entity @s[tag=aj.launchpad.bone.petal9] run data modify entity @s {} merge value {transformation:[-0.2758493382702665f,-0.6588674871979294f,0.7910312363550138f,1.5308084989341916e-18f,1.0294837456588888f,-0.17654301111380785f,0.21195618096911878f,-2.7755575615628915e-18f,-4.0115099057567365e-16f,0.7683766156489817f,0.6399979504059502f,-0.0125f,0.0f,0.0f,0.0f,1.0f],start_interpolation:0}
execute if entity @s[tag=aj.launchpad.bone.petal10] run data modify entity @s {} merge value {transformation:[-1.0617443092261822f,-0.05944978760908898f,0.07137495764657947f,1.5308084989341916e-18f,0.09289059062045413f,-0.6795141817599382f,0.8158194990077795f,-2.7755575615628915e-18f,-1.5065203147624772e-16f,0.7683766156489815f,0.6399979504059504f,-0.0125f,0.0f,0.0f,0.0f,1.0f],start_interpolation:0}
execute if entity @s[tag=aj.launchpad.bone.petal8] run data modify entity @s {} merge value {transformation:[0.8988866029473734f,-0.3664973367405963f,0.4400138829670953f,1.5308084989341916e-18f,0.5726539225760446f,0.5752855835336864f,-0.6906834458249127f,-2.7755575615628915e-18f,-1.0033958073446017e-16f,0.7683766156489814f,0.6399979504059505f,-0.0125f,0.0f,0.0f,0.0f,1.0f],start_interpolation:0}
execute if entity @s[tag=aj.launchpad.bone.tentacle] run data modify entity @s {} merge value {transformation:[-0.19318516525781362f,-0.023901867030980944f,0.0459150593677557f,-1.9900510486144486e-17f,0.05176380902050413f,-0.08920298215537624f,0.17135733439300574f,0.22500000000000003f,-3.5152233950946e-17f,0.17740216663564434f,0.09234972264700672f,0.16249999999999995f,0.0f,0.0f,0.0f,1.0f],start_interpolation:0}
execute if entity @s[tag=aj.launchpad.bone.tentacle1] run data modify entity @s {} merge value {transformation:[0.1586706680582471f,0.005310760117001353f,-0.12163640460375852f,-5.0516680464828325e-17f,-0.12175228580174413f,0.006921117333549339f,-0.15851964874079705f,-0.2749999999999999f,2.7037087844237986e-17f,0.19980964431637152f,0.008723877473067198f,0.41250000000000003f,0.0f,0.0f,0.0f,1.0f],start_interpolation:0}
execute if entity @s[tag=aj.launchpad.bone.tentacle2] run data modify entity @s {} merge value {transformation:[0.07653668647301791f,0.024118095489747814f,0.1831951230073506f,-0.18750000000000006f,0.18477590650225725f,-0.009990042250462898f,-0.07588190451025206f,-0.03749999999999991f,-2.4716558444398417e-17f,0.19828897227476205f,-0.026105238444010193f,0.4125f,0.0f,0.0f,0.0f,1.0f],start_interpolation:0}
execute if entity @s[tag=aj.launchpad.bone.tentacle3] run data modify entity @s {} merge value {transformation:[-0.04328792278762061f,0.03390640449997535f,-0.1922927754093144f,0.12499999999999994f,-0.19525920142398662f,-0.007516868907057061f,0.04263028197304261f,-0.4187499999999999f,3.5279453068243593e-17f,0.19696155060244155f,0.03472963553338604f,0.4125000000000001f,0.0f,0.0f,0.0f,1.0f],start_interpolation:0}
return 1