execute if entity @s[tag=aj.launchpad.bone.petal6] run data modify entity @s {} merge value {transformation:[-0.38268343236508984f,0.7120326893418706f,-0.588695880656436f,1.5308084989341916e-18f,-0.9238795325112866f,-0.2949335967783915f,0.24384581788106893f,-2.7755575615628915e-18f,1.5827726174152827e-16f,0.6371998295667883f,0.7706986292968581f,-0.0125f,0f,0f,0f,1f],start_interpolation:0}
execute if entity @s[tag=aj.launchpad.bone.petal7] run data modify entity @s {} merge value {transformation:[0.7660444431189779f,0.4953955297144198f,-0.40958415533990616f,1.5308084989341916e-18f,-0.6427876096865394f,0.5903894022922712f,-0.4881233885959978f,-2.7755575615628915e-18f,1.8102975713932234e-16f,0.6371998295667881f,0.7706986292968584f,-0.0125f,0f,0f,0f,1f],start_interpolation:0}
execute if entity @s[tag=aj.launchpad.bone.petal9] run data modify entity @s {} merge value {transformation:[-0.2588190451025206f,-0.7444377103234199f,0.6154877718855538f,1.5308084989341916e-18f,0.9659258262890684f,-0.199471483296434f,0.1649194514279653f,-2.7755575615628915e-18f,-3.29441536846445e-16f,0.6371998295667887f,0.7706986292968578f,-0.0125f,0f,0f,0f,1f],start_interpolation:0}
execute if entity @s[tag=aj.launchpad.bone.petal10] run data modify entity @s {} merge value {transformation:[-0.9961946980917455f,-0.06717081147096968f,0.05553562442457466f,1.5308084989341916e-18f,0.08715574274765825f,-0.7677658883321056f,0.6347750918393985f,-2.7755575615628915e-18f,-8.583997606865562e-17f,0.6371998295667883f,0.7706986292968582f,-0.0125f,0f,0f,0f,1f],start_interpolation:0}
execute if entity @s[tag=aj.launchpad.bone.petal8] run data modify entity @s {} merge value {transformation:[0.8433914458128857f,-0.4140960716746356f,0.34236721886489807f,1.5308084989341916e-18f,0.5372996083468236f,0.6500006312486865f,-0.537408885530058f,-2.7755575615628915e-18f,-9.928554265433035e-17f,0.6371998295667882f,0.7706986292968582f,-0.0125f,0f,0f,0f,1f],start_interpolation:0}