execute if entity @s[tag=aj.launchpad.bone.petal6] run data modify entity @s {} merge value {transformation:[-0.38268343236508984f,0.7470391331092482f,-0.5435861699828799f,1.5308084989341916e-18f,-0.9238795325112866f,-0.3094337405572905f,0.22516076392535567f,-2.7755575615628915e-18f,1.5827726174152827e-16f,0.5883734305762848f,0.8085893309906419f,-0.0125f,0.0f,0.0f,0.0f,1.0f],start_interpolation:0}
execute if entity @s[tag=aj.launchpad.bone.petal7] run data modify entity @s {} merge value {transformation:[0.7660444431189779f,0.5197512032855127f,-0.37819915104319923f,1.5308084989341916e-18f,-0.6427876096865395f,0.6194153637706733f,-0.45072019697181237f,-2.7755575615628915e-18f,2.3654090837058017e-16f,0.5883734305762846f,0.8085893309906421f,-0.0125f,0.0f,0.0f,0.0f,1.0f],start_interpolation:0}
execute if entity @s[tag=aj.launchpad.bone.petal9] run data modify entity @s {} merge value {transformation:[-0.2588190451025206f,-0.7810373176656608f,0.568325092095932f,1.5308084989341916e-18f,0.9659258262890684f,-0.2092783185270837f,0.15228224946544835f,-2.7755575615628915e-18f,-3.016859612308161e-16f,0.5883734305762849f,0.8085893309906418f,-0.0125f,0.0f,0.0f,0.0f,1.0f],start_interpolation:0}
execute if entity @s[tag=aj.launchpad.bone.petal10] run data modify entity @s {} merge value {transformation:[-0.9961946980917455f,-0.07047320372032151f,0.05128012335486373f,1.5308084989341916e-18f,0.0871557427476582f,-0.8055124044664289f,0.5861344920381467f,-2.7755575615628915e-18f,-1.4135112729991343e-16f,0.5883734305762848f,0.8085893309906419f,-0.0125f,0.0f,0.0f,0.0f,1.0f],start_interpolation:0}
execute if entity @s[tag=aj.launchpad.bone.petal8] run data modify entity @s {} merge value {transformation:[0.8433914458128857f,-0.434454730854692f,0.3161328138103149f,1.5308084989341916e-18f,0.5372996083468238f,0.6819573249330715f,-0.4962291182916203f,-2.7755575615628915e-18f,-1.2704111826995932e-16f,0.5883734305762847f,0.8085893309906419f,-0.0125f,0.0f,0.0f,0.0f,1.0f],start_interpolation:0}
return 1