execute if entity @s[tag=aj.launchpad.bone.petal4] run data modify entity @s {} merge value {transformation:[1.1156531347845493f,-0.42803537977175665f,0.7413790252017224f,0f,0.8560707595435133f,0.5578265673922749f,-0.9661839565351641f,0f,-1.575411981020584e-16f,1.0825317547305482f,0.6250000000000002f,0f,0f,0f,0f,1f],start_interpolation:0}
execute if entity @s[tag=aj.launchpad.bone.petal] run data modify entity @s {} merge value {transformation:[-1.40625f,-1.325719048406134e-16f,-7.654042494670953e-17f,0f,0f,-0.7031249999999997f,1.217848224071867f,0f,-1.7221595613009655e-16f,1.0825317547305486f,0.6249999999999997f,0f,0f,0f,0f,1f],start_interpolation:0}
execute if entity @s[tag=aj.launchpad.bone.petal2] run data modify entity @s {} merge value {transformation:[-0.4228675305528841f,0.670582230994847f,-1.1614824947359648f,0f,-1.3411644619896945f,-0.21143376527644184f,0.36621402389438995f,0f,2.8070646584603653e-16f,1.0825317547305482f,0.6249999999999998f,0f,0f,0f,0f,1f],start_interpolation:0}
execute if entity @s[tag=aj.launchpad.bone.petal3] run data modify entity @s {} merge value {transformation:[1.151932562281395f,0.403295931809329f,-0.698529044379592f,0f,-0.8065918636186586f,0.5759662811406976f,-0.9976028623821881f,0f,4.2425383277471015e-16f,1.0825317547305482f,0.625f,0f,0f,0f,0f,1f],start_interpolation:0}
execute if entity @s[tag=aj.launchpad.bone.petal5] run data modify entity @s {} merge value {transformation:[-0.4809658265517217f,-0.6607213739900918f,1.1444029893975567f,0f,1.3214427479801838f,-0.24048291327586052f,0.41652862414597125f,0f,-3.176260893853542e-16f,1.0825317547305484f,0.6249999999999999f,0f,0f,0f,0f,1f],start_interpolation:0}
execute if entity @s[tag=aj.launchpad.bone.petal6] run data modify entity @s {} merge value {transformation:[-0.8308504678941933f,0.21503992472335762f,-0.8025399247233579f,1.5308084989341916e-18f,-0.8308504678941935f,-0.21503992472335745f,0.8025399247233578f,-2.7755575615628915e-18f,8.273602728767315e-17f,0.9659258262890684f,0.25881904510252046f,-0.0125f,0f,0f,0f,1f],start_interpolation:0}
execute if entity @s[tag=aj.launchpad.bone.petal7] run data modify entity @s {} merge value {transformation:[0.5425546205511651f,0.26975097378556484f,-1.0067243395589087f,1.5308084989341916e-18f,-1.0422377289844105f,0.14042346880701317f,-0.524067520162836f,-2.7755575615628915e-18f,2.978670427123644e-16f,0.9659258262890683f,0.25881904510252074f,-0.0125f,0f,0f,0f,1f],start_interpolation:0}
execute if entity @s[tag=aj.launchpad.bone.petal9] run data modify entity @s {} merge value {transformation:[0.15336827585856028f,-0.30151065444377034f,1.1252530814074944f,1.5308084989341916e-18f,1.1649477121142269f,0.0396946307067329f,-0.14814237858520957f,-2.7755575615628915e-18f,-3.3703267233733046e-16f,0.9659258262890682f,0.2588190451025207f,-0.0125f,0f,0f,0f,1f],start_interpolation:0}
execute if entity @s[tag=aj.launchpad.bone.petal10] run data modify entity @s {} merge value {transformation:[-1.0422377289844107f,-0.140423468807013f,0.5240675201628358f,1.5308084989341916e-18f,0.5425546205511649f,-0.2697509737855648f,1.006724339558909f,-2.7755575615628915e-18f,-2.481086362456702e-16f,0.9659258262890683f,0.25881904510252063f,-0.0125f,0f,0f,0f,1f],start_interpolation:0}
execute if entity @s[tag=aj.launchpad.bone.petal8] run data modify entity @s {} merge value {transformation:[1.1571491097893443f,-0.052808560244868685f,0.19708422990841162f,1.5308084989341916e-18f,0.20403660875864316f,0.2994922276369102f,-1.1177202100129322f,-2.7755575615628915e-18f,-7.398474927843051e-19f,0.9659258262890682f,0.2588190451025209f,-0.0125f,0f,0f,0f,1f],start_interpolation:0}
execute if entity @s[tag=aj.launchpad.bone.tentacle] run data modify entity @s {} merge value {transformation:[-0.9659258262890683f,0.022557566113149716f,0.2578341604962995f,-1.9900510486144486e-17f,0.25881904510252074f,0.08418598282936943f,0.9622501868990583f,0.22500000000000003f,-1.7749589323070687e-16f,0.9961946980917455f,-0.08715574274765837f,0.16249999999999995f,0f,0f,0f,1f],start_interpolation:0}
execute if entity @s[tag=aj.launchpad.bone.tentacle1] run data modify entity @s {} merge value {transformation:[0.7933533402912352f,-0.4304593345768795f,-0.43045933457687935f,-5.0516680464828325e-17f,-0.6087614290087207f,-0.560985526796931f,-0.5609855267969309f,-0.2749999999999999f,1.2130765141337543e-16f,0.7071067811865476f,-0.7071067811865475f,0.41250000000000003f,0f,0f,0f,1f],start_interpolation:0}
execute if entity @s[tag=aj.launchpad.bone.tentacle2] run data modify entity @s {} merge value {transformation:[0.38268343236508984f,-0.853553390593274f,0.35355339059327306f,-0.18750000000000006f,0.9238795325112866f,0.35355339059327406f,-0.14644660940672585f,-0.03749999999999991f,-4.725495927901261e-17f,0.382683432365089f,0.923879532511287f,0.4125f,0f,0f,0f,1f],start_interpolation:0}
execute if entity @s[tag=aj.launchpad.bone.tentacle3] run data modify entity @s {} merge value {transformation:[-0.2164396139381033f,0.9174181535933479f,-0.3339129002834378f,0.12499999999999994f,-0.9762960071199333f,-0.20338670806338624f,0.07402670778046282f,-0.4187499999999999f,3.0129735561154807e-16f,0.34202014332566905f,0.9396926207859083f,0.4125000000000001f,0f,0f,0f,1f],start_interpolation:0}
execute if entity @s[tag=aj.launchpad.bone.large_cog] run data modify entity @s {} merge value {transformation:[-1.2020833333333334f,-1.4721275064750475e-16f,3.268779705745234e-32f,-7.652725999361874e-17f,0f,2.6691611883696473e-16f,1.2020833333333334f,1.3875400828311512e-16f,-1.4721275064750475e-16f,1.2020833333333334f,-2.6691611883696473e-16f,0.6248925f,0f,0f,0f,1f],start_interpolation:0}
execute if entity @s[tag=aj.launchpad.bone.shaft] run data modify entity @s {} merge value {transformation:[-1f,-1.2246467991473532e-16f,2.719262146893782e-32f,0f,0f,2.220446049250313e-16f,1f,0f,-1.2246467991473532e-16f,1f,-2.220446049250313e-16f,0f,0f,0f,0f,1f],start_interpolation:0}
execute if entity @s[tag=aj.launchpad.bone.root] run data modify entity @s {} merge value {transformation:[-1f,-1.2246467991473532e-16f,2.719262146893782e-32f,0f,0f,2.220446049250313e-16f,1f,0f,-1.2246467991473532e-16f,1f,-2.220446049250313e-16f,0f,0f,0f,0f,1f],start_interpolation:0}