execute if entity @s[tag=aj.launchpad.bone.petal6] run data modify entity @s {} merge value {transformation:[-0.38268343236508984f,0.7791920946816268f,-0.49640011097796105f,1.5308084989341916e-18f,-0.9238795325112866f,-0.32275193331103064f,0.20561565833058118f,-2.7755575615628915e-18f,1.5827726174152827e-16f,0.537299608346824f,0.8433914458128855f,-0.0125f,0f,0f,0f,1f],start_interpolation:0}
execute if entity @s[tag=aj.launchpad.bone.petal7] run data modify entity @s {} merge value {transformation:[0.7660444431189778f,0.5421215714841394f,-0.34536953093476885f,1.5308084989341916e-18f,-0.6427876096865395f,0.6460753304390416f,-0.4115953792640873f,-2.7755575615628915e-18f,1.8102975713932234e-16f,0.5372996083468237f,0.8433914458128858f,-0.0125f,0f,0f,0f,1f],start_interpolation:0}
execute if entity @s[tag=aj.launchpad.bone.petal9] run data modify entity @s {} merge value {transformation:[-0.2588190451025207f,-0.8146535791819436f,0.5189915681571988f,1.5308084989341916e-18f,0.9659258262890684f,-0.21828576865292526f,0.1390633715662836f,-2.7755575615628915e-18f,-4.1270826369333175e-16f,0.537299608346824f,0.8433914458128858f,-0.0125f,0f,0f,0f,1f],start_interpolation:0}
execute if entity @s[tag=aj.launchpad.bone.petal10] run data modify entity @s {} merge value {transformation:[-0.9961946980917454f,-0.07350640788684332f,0.04682874644349308f,1.5308084989341916e-18f,0.08715574274765803f,-0.8401820867347283f,0.5352550211218774f,-2.7755575615628915e-18f,-8.583997606865556e-17f,0.5372996083468239f,0.8433914458128856f,-0.0125f,0f,0f,0f,1f],start_interpolation:0}
execute if entity @s[tag=aj.launchpad.bone.petal8] run data modify entity @s {} merge value {transformation:[0.8433914458128857f,-0.4531538935183248f,0.2886908691296503f,1.5308084989341916e-18f,0.5372996083468238f,0.7113091308703497f,-0.4531538935183248f,-2.7755575615628915e-18f,-1.8255226950121717e-16f,0.5372996083468238f,0.8433914458128857f,-0.0125f,0f,0f,0f,1f],start_interpolation:0}