execute if entity @s[tag=aj.escapement.bone.left_hand] run data modify entity @s {} merge value {transformation:[-0.6225146366376195f,0.7826081568524139f,1.2246467991473532e-16f,0.0f,0.7826081568524139f,0.6225146366376195f,0.0f,0.75f,-7.623605571806383e-17f,9.584185742759184e-17f,-1.0f,0.0f,0.0f,0.0f,0.0f,1.0f],start_interpolation:0}
execute if entity @s[tag=aj.escapement.bone.right_hand] run data modify entity @s {} merge value {transformation:[-0.6225146366376195f,-0.7826081568524139f,1.2246467991473532e-16f,0.0f,-0.7826081568524139f,0.6225146366376195f,0.0f,0.75f,-7.623605571806383e-17f,-9.584185742759184e-17f,-1.0f,0.0f,0.0f,0.0f,0.0f,1.0f],start_interpolation:0}
execute if entity @s[tag=aj.escapement.bone.cog] run data modify entity @s {} merge value {transformation:[0.9807852804032307f,-0.19509032201612816f,1.2246467991473532e-16f,0.0f,-0.19509032201612816f,-0.9807852804032307f,0.0f,0.731694375f,1.2011155542966558e-16f,-2.3891673840167777e-17f,-1.0f,0.0f,0.0f,0.0f,0.0f,1.0f],start_interpolation:0}
return 1