execute if entity @s[tag=aj.escapement.bone.left_hand] run data modify entity @s {} merge value {transformation:[-0.5948227867513414f,0.8038568606172173f,1.2246467991473532e-16f,0f,0.8038568606172173f,0.5948227867513414f,0f,0.75f,-7.284478218549388e-17f,9.844407313275152e-17f,-1f,0f,0f,0f,0f,1f],start_interpolation:0}
execute if entity @s[tag=aj.escapement.bone.right_hand] run data modify entity @s {} merge value {transformation:[-0.5948227867513414f,-0.8038568606172173f,1.2246467991473532e-16f,0f,-0.8038568606172173f,0.5948227867513414f,0f,0.75f,-7.284478218549388e-17f,-9.844407313275152e-17f,-1f,0f,0f,0f,0f,1f],start_interpolation:0}
execute if entity @s[tag=aj.escapement.bone.cog] run data modify entity @s {} merge value {transformation:[0.9238795325112867f,-0.3826834323650899f,1.2246467991473532e-16f,0f,-0.3826834323650899f,-0.9238795325112867f,0f,0.731694375f,1.1314261122877003e-16f,-4.6865204053263e-17f,-1f,0f,0f,0f,0f,1f],start_interpolation:0}