execute if entity @s[tag=aj.escapement.bone.left_hand] run data modify entity @s {} merge value {transformation:[-0.5664062369248328f,0.8241261886220157f,1.2246467991473532e-16f,0f,0.8241261886220157f,0.5664062369248328f,0f,0.75f,-6.936475850670939e-17f,1.0092634989894594e-16f,-1f,0f,0f,0f,0f,1f],start_interpolation:0}
execute if entity @s[tag=aj.escapement.bone.right_hand] run data modify entity @s {} merge value {transformation:[-0.5664062369248328f,-0.8241261886220157f,1.2246467991473532e-16f,0f,-0.8241261886220157f,0.5664062369248328f,0f,0.75f,-6.936475850670939e-17f,-1.0092634989894594e-16f,-1f,0f,0f,0f,0f,1f],start_interpolation:0}
execute if entity @s[tag=aj.escapement.bone.cog] run data modify entity @s {} merge value {transformation:[0.8314696123025451f,-0.5555702330196024f,1.2246467991473532e-16f,0f,-0.5555702330196024f,-0.8314696123025451f,0f,0.731694375f,1.0182565992946027e-16f,-6.803773075690052e-17f,-1f,0f,0f,0f,0f,1f],start_interpolation:0}