execute if entity @s[tag=aj.escapement.bone.left_hand] run data modify entity @s {} merge value {transformation:[-0.5372996083468238f,0.8433914458128856f,1.2246467991473532e-16f,0f,0.8433914458128856f,0.5372996083468238f,0f,0.75f,-6.580022455450642e-17f,1.0328566345430088e-16f,-1f,0f,0f,0f,0f,1f],start_interpolation:0}
execute if entity @s[tag=aj.escapement.bone.right_hand] run data modify entity @s {} merge value {transformation:[-0.5372996083468238f,-0.8433914458128856f,1.2246467991473532e-16f,0f,-0.8433914458128856f,0.5372996083468238f,0f,0.75f,-6.580022455450642e-17f,-1.0328566345430088e-16f,-1f,0f,0f,0f,0f,1f],start_interpolation:0}
execute if entity @s[tag=aj.escapement.bone.cog] run data modify entity @s {} merge value {transformation:[0.7071067811865475f,-0.7071067811865477f,1.2246467991473532e-16f,0f,-0.7071067811865477f,-0.7071067811865475f,0f,0.731694375f,8.659560562354932e-17f,-8.659560562354935e-17f,-1f,0f,0f,0f,0f,1f],start_interpolation:0}
execute if entity @s[tag=aj.escapement.bone.root] run data modify entity @s {} merge value {transformation:[-1f,0f,1.2246467991473532e-16f,-0.000314375f,0f,1f,0f,0.76263f,-1.2246467991473532e-16f,0f,-1f,-3.8499833748194915e-20f,0f,0f,0f,1f],start_interpolation:0}