execute if entity @s[tag=aj.escapement.bone.left_hand] run data modify entity @s {} merge value {transformation:[-0.1950903220161283f,0.9807852804032304f,1.2246467991473532e-16f,0f,0.9807852804032304f,0.1950903220161283f,0f,0.75f,-2.3891673840167793e-17f,1.2011155542966555e-16f,-1f,0f,0f,0f,0f,1f],start_interpolation:0}
execute if entity @s[tag=aj.escapement.bone.right_hand] run data modify entity @s {} merge value {transformation:[-0.1950903220161283f,-0.9807852804032304f,1.2246467991473532e-16f,0f,-0.9807852804032304f,0.1950903220161283f,0f,0.75f,-2.3891673840167793e-17f,-1.2011155542966555e-16f,-1f,0f,0f,0f,0f,1f],start_interpolation:0}
execute if entity @s[tag=aj.escapement.bone.cog] run data modify entity @s {} merge value {transformation:[0.9575713608048142f,0.2881962681340892f,1.2246467991473532e-16f,0f,0.2881962681340892f,-0.9575713608048142f,0f,0.731694375f,1.172686701964791e-16f,3.529386372966247e-17f,-1f,0f,0f,0f,0f,1f],start_interpolation:0}