execute if entity @s[tag=aj.escapement.bone.left_hand] run data modify entity @s {} merge value {transformation:[-0.13052619222005135f,0.9914448613738105f,1.2246467991473532e-16f,0f,0.9914448613738105f,0.13052619222005135f,0f,0.75f,-1.5984848350717805e-17f,1.2141697760125282e-16f,-1f,0f,0f,0f,0f,1f],start_interpolation:0}
execute if entity @s[tag=aj.escapement.bone.right_hand] run data modify entity @s {} merge value {transformation:[-0.13052619222005135f,-0.9914448613738105f,1.2246467991473532e-16f,0f,-0.9914448613738105f,0.13052619222005135f,0f,0.75f,-1.5984848350717805e-17f,-1.2141697760125282e-16f,-1f,0f,0f,0f,0f,1f],start_interpolation:0}
execute if entity @s[tag=aj.escapement.bone.cog] run data modify entity @s {} merge value {transformation:[0.8185258822208963f,0.5744696511866432f,1.2246467991473532e-16f,0f,0.5744696511866432f,-0.8185258822208963f,0f,0.731694375f,1.002405101681084e-16f,7.03522419533019e-17f,-1f,0f,0f,0f,0f,1f],start_interpolation:0}