execute if entity @s[tag=aj.escapement.bone.left_hand] run data modify entity @s {} merge value {transformation:[-0.4422886902190013f,0.8968727415326883f,1.2246467991473532e-16f,0f,0.8968727415326883f,0.4422886902190013f,0f,0.75f,-5.416474287757752e-17f,1.0983523321605181e-16f,-1f,0f,0f,0f,0f,1f],start_interpolation:0}
execute if entity @s[tag=aj.escapement.bone.right_hand] run data modify entity @s {} merge value {transformation:[-0.4422886902190013f,-0.8968727415326883f,1.2246467991473532e-16f,0f,-0.8968727415326883f,0.4422886902190013f,0f,0.75f,-5.416474287757752e-17f,-1.0983523321605181e-16f,-1f,0f,0f,0f,0f,1f],start_interpolation:0}
execute if entity @s[tag=aj.escapement.bone.cog] run data modify entity @s {} merge value {transformation:[0.5519369853120586f,-0.833885822067168f,1.2246467991473532e-16f,0f,-0.833885822067168f,-0.5519369853120586f,0f,0.731694375f,6.759278623934522e-17f,-1.0212156028489165e-16f,-1f,0f,0f,0f,0f,1f],start_interpolation:0}