execute if entity @s[tag=aj.escapement.bone.left_hand] run data modify entity @s {} merge value {transformation:[-0.773010453362737f,0.6343932841636455f,1.2246467991473532e-16f,0.0f,0.6343932841636455f,0.773010453362737f,0.0f,0.75f,-9.466647774181202e-17f,7.769077048515857e-17f,-1.0f,0.0f,0.0f,0.0f,0.0f,1.0f],start_interpolation:0}
execute if entity @s[tag=aj.escapement.bone.right_hand] run data modify entity @s {} merge value {transformation:[-0.773010453362737f,-0.6343932841636455f,1.2246467991473532e-16f,0.0f,-0.6343932841636455f,0.773010453362737f,0.0f,0.75f,-9.466647774181202e-17f,-7.769077048515857e-17f,-1.0f,0.0f,0.0f,0.0f,0.0f,1.0f],start_interpolation:0}
execute if entity @s[tag=aj.escapement.bone.cog] run data modify entity @s {} merge value {transformation:[-0.9205048534524403f,0.39073112848927377f,1.2246467991473532e-16f,0.0f,0.39073112848927377f,0.9205048534524403f,0.0f,0.731694375f,-1.1272933223801343e-16f,4.785076258316223e-17f,-1.0f,0.0f,0.0f,0.0f,0.0f,1.0f],start_interpolation:0}
return 1