execute if entity @s[tag=aj.escapement.bone.left_hand] run data modify entity @s {} merge value {transformation:[-0.7933533402912352f,0.6087614290087207f,1.2246467991473532e-16f,0.0f,0.6087614290087207f,0.7933533402912352f,0.0f,0.75f,-9.71577628780522e-17f,7.455177354798984e-17f,-1.0f,0.0f,0.0f,0.0f,0.0f,1.0f],start_interpolation:0}
execute if entity @s[tag=aj.escapement.bone.right_hand] run data modify entity @s {} merge value {transformation:[-0.7933533402912352f,-0.6087614290087207f,1.2246467991473532e-16f,0.0f,-0.6087614290087207f,0.7933533402912352f,0.0f,0.75f,-9.71577628780522e-17f,-7.455177354798984e-17f,-1.0f,0.0f,0.0f,0.0f,0.0f,1.0f],start_interpolation:0}
execute if entity @s[tag=aj.escapement.bone.cog] run data modify entity @s {} merge value {transformation:[-0.9966552393091803f,0.08172107413366823f,1.2246467991473532e-16f,0.0f,0.08172107413366823f,0.9966552393091803f,0.0f,0.731694375f,-1.220550648673427e-16f,1.0007945186068036e-17f,-1.0f,0.0f,0.0f,0.0f,0.0f,1.0f],start_interpolation:0}
return 1