execute if entity @s[tag=aj.escapement.bone.left_hand] run data modify entity @s {} merge value {transformation:[-0.3214394653031616f,0.9469301294951057f,1.2246467991473532e-16f,0f,0.9469301294951057f,0.3214394653031616f,0f,0.75f,-3.9364981230315354e-17f,1.15965495210237e-16f,-1f,0f,0f,0f,0f,1f],start_interpolation:0}
execute if entity @s[tag=aj.escapement.bone.right_hand] run data modify entity @s {} merge value {transformation:[-0.3214394653031616f,-0.9469301294951057f,1.2246467991473532e-16f,0f,-0.9469301294951057f,0.3214394653031616f,0f,0.75f,-3.9364981230315354e-17f,-1.15965495210237e-16f,-1f,0f,0f,0f,0f,1f],start_interpolation:0}
execute if entity @s[tag=aj.escapement.bone.cog] run data modify entity @s {} merge value {transformation:[0.940436556093355f,-0.3399692397309937f,1.2246467991473532e-16f,0f,-0.3399692397309937f,-0.940436556093355f,0f,0.731694375f,1.1517026182208874e-16f,-4.163422412451206e-17f,-1f,0f,0f,0f,0f,1f],start_interpolation:0}