execute if entity @s[tag=aj.escapement.bone.left_hand] run data modify entity @s {} merge value {transformation:[-0.7071067811865475f,0.7071067811865476f,1.2246467991473532e-16f,0.0f,0.7071067811865476f,0.7071067811865475f,0.0f,0.75f,-8.659560562354932e-17f,8.659560562354934e-17f,-1.0f,0.0f,0.0f,0.0f,0.0f,1.0f],start_interpolation:0}
execute if entity @s[tag=aj.escapement.bone.right_hand] run data modify entity @s {} merge value {transformation:[-0.7071067811865475f,-0.7071067811865476f,1.2246467991473532e-16f,0.0f,-0.7071067811865476f,0.7071067811865475f,0.0f,0.75f,-8.659560562354932e-17f,-8.659560562354934e-17f,-1.0f,0.0f,0.0f,0.0f,0.0f,1.0f],start_interpolation:0}
execute if entity @s[tag=aj.escapement.bone.cog] run data modify entity @s {} merge value {transformation:[-0.848625643736284f,-0.5289938721697799f,1.2246467991473532e-16f,0.0f,-0.5289938721697799f,0.848625643736284f,0.0f,0.731694375f,-1.0392666782760023e-16f,-6.47830652321285e-17f,-1.0f,0.0f,0.0f,0.0f,0.0f,1.0f],start_interpolation:0}
return 1