execute if entity @s[tag=aj.escapement.bone.left_hand] run data modify entity @s {} merge value {transformation:[-0.20577721069223487f,0.9785988655009383f,1.2246467991473532e-16f,0.0f,0.9785988655009383f,0.20577721069223487f,0.0f,0.75f,-2.5200440241171594e-17f,1.1984379682849554e-16f,-1.0f,0.0f,0.0f,0.0f,0.0f,1.0f],start_interpolation:0}
execute if entity @s[tag=aj.escapement.bone.right_hand] run data modify entity @s {} merge value {transformation:[-0.20577721069223487f,-0.9785988655009383f,1.2246467991473532e-16f,0.0f,-0.9785988655009383f,0.20577721069223487f,0.0f,0.75f,-2.5200440241171594e-17f,-1.1984379682849554e-16f,-1.0f,0.0f,0.0f,0.0f,0.0f,1.0f],start_interpolation:0}
execute if entity @s[tag=aj.escapement.bone.cog] run data modify entity @s {} merge value {transformation:[0.8767267557075076f,0.48098876891938736f,1.2246467991473532e-16f,0.0f,0.48098876891938736f,-0.8767267557075076f,0.0f,0.731694375f,1.0736806151040427e-16f,5.890413562829537e-17f,-1.0f,0.0f,0.0f,0.0f,0.0f,1.0f],start_interpolation:0}
return 1