execute if entity @s[tag=aj.escapement.bone.left_hand] run data modify entity @s {} merge value {transformation:[-0.6087614290087207f,0.7933533402912352f,1.2246467991473532e-16f,0.0f,0.7933533402912352f,0.6087614290087207f,0.0f,0.75f,-7.455177354798984e-17f,9.71577628780522e-17f,-1.0f,0.0f,0.0f,0.0f,0.0f,1.0f],start_interpolation:0}
execute if entity @s[tag=aj.escapement.bone.right_hand] run data modify entity @s {} merge value {transformation:[-0.6087614290087207f,-0.7933533402912352f,1.2246467991473532e-16f,0.0f,-0.7933533402912352f,0.6087614290087207f,0.0f,0.75f,-7.455177354798984e-17f,-9.71577628780522e-17f,-1.0f,0.0f,0.0f,0.0f,0.0f,1.0f],start_interpolation:0}
execute if entity @s[tag=aj.escapement.bone.cog] run data modify entity @s {} merge value {transformation:[-0.36548608074980116f,-0.9308168051653074f,1.2246467991473532e-16f,0.0f,-0.9308168051653074f,0.36548608074980116f,0.0f,0.731694375f,-4.47591358923155e-17f,-1.1399218210382592e-16f,-1.0f,0.0f,0.0f,0.0f,0.0f,1.0f],start_interpolation:0}
return 1