execute if entity @s[tag=aj.escapement.bone.left_hand] run data modify entity @s {} merge value {transformation:[0.13052619222005157f,0.9914448613738104f,1.2246467991473532e-16f,0f,0.9914448613738104f,-0.13052619222005157f,0f,0.75f,1.5984848350717833e-17f,1.2141697760125282e-16f,-1f,0f,0f,0f,0f,1f],start_interpolation:0}
execute if entity @s[tag=aj.escapement.bone.right_hand] run data modify entity @s {} merge value {transformation:[0.13052619222005157f,-0.9914448613738104f,1.2246467991473532e-16f,0f,-0.9914448613738104f,-0.13052619222005157f,0f,0.75f,1.5984848350717833e-17f,-1.2141697760125282e-16f,-1f,0f,0f,0f,0f,1f],start_interpolation:0}
execute if entity @s[tag=aj.escapement.bone.cog] run data modify entity @s {} merge value {transformation:[0.06540312923014291f,0.9978589232386036f,1.2246467991473532e-16f,0f,0.9978589232386036f,-0.06540312923014291f,0f,0.731694375f,8.009573286591522e-18f,1.2220247363447804e-16f,-1f,0f,0f,0f,0f,1f],start_interpolation:0}