execute if entity @s[tag=aj.escapement.bone.left_hand] run data modify entity @s {} merge value {transformation:[0.06540312923014291f,0.9978589232386036f,1.2246467991473532e-16f,0.0f,0.9978589232386036f,-0.06540312923014291f,0.0f,0.75f,8.009573286591522e-18f,1.2220247363447804e-16f,-1.0f,0.0f,0.0f,0.0f,0.0f,1.0f],start_interpolation:0}
execute if entity @s[tag=aj.escapement.bone.right_hand] run data modify entity @s {} merge value {transformation:[0.06540312923014291f,-0.9978589232386036f,1.2246467991473532e-16f,0.0f,-0.9978589232386036f,-0.06540312923014291f,0.0f,0.75f,8.009573286591522e-18f,-1.2220247363447804e-16f,-1.0f,0.0f,0.0f,0.0f,0.0f,1.0f],start_interpolation:0}
execute if entity @s[tag=aj.escapement.bone.cog] run data modify entity @s {} merge value {transformation:[-0.1449318593072466f,0.9894416385809446f,1.2246467991473532e-16f,0.0f,0.9894416385809446f,0.1449318593072466f,0.0f,0.731694375f,-1.774903375950941e-17f,1.2117165356312662e-16f,-1.0f,0.0f,0.0f,0.0f,0.0f,1.0f],start_interpolation:0}
return 1