execute if entity @s[tag=aj.escapement.bone.left_hand] run data modify entity @s {} merge value {transformation:[-0.5555702330196022f,0.8314696123025452f,1.2246467991473532e-16f,0f,0.8314696123025452f,0.5555702330196022f,0f,0.75f,-6.80377307569005e-17f,1.0182565992946028e-16f,-1f,0f,0f,0f,0f,1f],start_interpolation:0}
execute if entity @s[tag=aj.escapement.bone.right_hand] run data modify entity @s {} merge value {transformation:[-0.5555702330196022f,-0.8314696123025452f,1.2246467991473532e-16f,0f,-0.8314696123025452f,0.5555702330196022f,0f,0.75f,-6.80377307569005e-17f,-1.0182565992946028e-16f,-1f,0f,0f,0f,0f,1f],start_interpolation:0}
execute if entity @s[tag=aj.escapement.bone.cog] run data modify entity @s {} merge value {transformation:[-0.05451450163800642f,-0.998512978939763f,1.2246467991473532e-16f,0f,-0.998512978939763f,0.05451450163800642f,0f,0.731694375f,-6.6761009938097705e-18f,-1.2228257235656694e-16f,-1f,0f,0f,0f,0f,1f],start_interpolation:0}