execute if entity @s[tag=aj.escapement.bone.left_hand] run data modify entity @s {} merge value {transformation:[-0.7518398074789774f,0.6593458151000688f,1.2246467991473532e-16f,0f,0.6593458151000688f,0.7518398074789774f,0f,0.75f,-9.207382137006919e-17f,8.074657419935019e-17f,-1f,0f,0f,0f,0f,1f],start_interpolation:0}
execute if entity @s[tag=aj.escapement.bone.right_hand] run data modify entity @s {} merge value {transformation:[-0.7518398074789774f,-0.6593458151000688f,1.2246467991473532e-16f,0f,-0.6593458151000688f,0.7518398074789774f,0f,0.75f,-9.207382137006919e-17f,-8.074657419935019e-17f,-1f,0f,0f,0f,0f,1f],start_interpolation:0}
execute if entity @s[tag=aj.escapement.bone.cog] run data modify entity @s {} merge value {transformation:[-0.9644037401149388f,0.26443416203720266f,1.2246467991473532e-16f,0f,0.26443416203720266f,0.9644037401149388f,0f,0.731694375f,-1.1810539534174956e-16f,3.238384501240728e-17f,-1f,0f,0f,0f,0f,1f],start_interpolation:0}