execute if entity @s[tag=aj.escapement.bone.left_hand] run data modify entity @s {} merge value {transformation:[0.1521233861899165f,0.9883615104677608f,1.2246467991473532e-16f,0.0f,0.9883615104677608f,-0.1521233861899165f,0.0f,0.75f,1.862974179729379e-17f,1.2103937601947865e-16f,-1.0f,0.0f,0.0f,0.0f,0.0f,1.0f],start_interpolation:0}
execute if entity @s[tag=aj.escapement.bone.right_hand] run data modify entity @s {} merge value {transformation:[0.1521233861899165f,-0.9883615104677608f,1.2246467991473532e-16f,0.0f,-0.9883615104677608f,-0.1521233861899165f,0.0f,0.75f,1.862974179729379e-17f,-1.2103937601947865e-16f,-1.0f,0.0f,0.0f,0.0f,0.0f,1.0f],start_interpolation:0}
execute if entity @s[tag=aj.escapement.bone.cog] run data modify entity @s {} merge value {transformation:[0.5372996083468242f,0.8433914458128855f,1.2246467991473532e-16f,0.0f,0.8433914458128855f,-0.5372996083468242f,0.0f,0.731694375f,6.580022455450648e-17f,1.0328566345430087e-16f,-1.0f,0.0f,0.0f,0.0f,0.0f,1.0f],start_interpolation:0}
return 1