execute if entity @s[tag=aj.escapement.bone.left_hand] run data modify entity @s {} merge value {transformation:[-0.38268343236508984f,0.9238795325112866f,1.2246467991473532e-16f,0.0f,0.9238795325112866f,0.38268343236508984f,0.0f,0.75f,-4.686520405326299e-17f,1.1314261122877003e-16f,-1.0f,0.0f,0.0f,0.0f,0.0f,1.0f],start_interpolation:0}
execute if entity @s[tag=aj.escapement.bone.right_hand] run data modify entity @s {} merge value {transformation:[-0.38268343236508984f,-0.9238795325112866f,1.2246467991473532e-16f,0.0f,-0.9238795325112866f,0.38268343236508984f,0.0f,0.75f,-4.686520405326299e-17f,-1.1314261122877003e-16f,-1.0f,0.0f,0.0f,0.0f,0.0f,1.0f],start_interpolation:0}
execute if entity @s[tag=aj.escapement.bone.cog] run data modify entity @s {} merge value {transformation:[0.7859917902550864f,-0.6182369332639427f,1.2246467991473532e-16f,0.0f,-0.6182369332639427f,-0.7859917902550864f,0.0f,0.731694375f,9.625623300919893e-17f,-7.571218814363632e-17f,-1.0f,0.0f,0.0f,0.0f,0.0f,1.0f],start_interpolation:0}
return 1