execute if entity @s[tag=aj.escapement.bone.left_hand] run data modify entity @s {} merge value {transformation:[-0.06540312923014313f,0.9978589232386034f,1.2246467991473532e-16f,0.0f,0.9978589232386034f,0.06540312923014313f,0.0f,0.75f,-8.009573286591548e-18f,1.22202473634478e-16f,-1.0f,0.0f,0.0f,0.0f,0.0f,1.0f],start_interpolation:0}
execute if entity @s[tag=aj.escapement.bone.right_hand] run data modify entity @s {} merge value {transformation:[-0.06540312923014313f,-0.9978589232386034f,1.2246467991473532e-16f,0.0f,-0.9978589232386034f,0.06540312923014313f,0.0f,0.75f,-8.009573286591548e-18f,-1.22202473634478e-16f,-1.0f,0.0f,0.0f,0.0f,0.0f,1.0f],start_interpolation:0}
execute if entity @s[tag=aj.escapement.bone.cog] run data modify entity @s {} merge value {transformation:[0.5965751134039665f,0.8025572465980509f,1.2246467991473532e-16f,0.0f,0.8025572465980509f,-0.5965751134039665f,0.0f,0.731694375f,7.305938030811369e-17f,9.828491631788161e-17f,-1.0f,0.0f,0.0f,0.0f,0.0f,1.0f],start_interpolation:0}
return 1