execute if entity @s[tag=aj.escapement.bone.left_hand] run data modify entity @s {} merge value {transformation:[0.08715574274765792f,0.9961946980917457f,1.2246467991473532e-16f,0f,0.9961946980917457f,-0.08715574274765792f,0f,0.75f,1.0673500138322941e-17f,1.2199866483456202e-16f,-1f,0f,0f,0f,0f,1f],start_interpolation:0}
execute if entity @s[tag=aj.escapement.bone.right_hand] run data modify entity @s {} merge value {transformation:[0.08715574274765792f,-0.9961946980917457f,1.2246467991473532e-16f,0f,-0.9961946980917457f,-0.08715574274765792f,0f,0.75f,1.0673500138322941e-17f,-1.2199866483456202e-16f,-1f,0f,0f,0f,0f,1f],start_interpolation:0}
execute if entity @s[tag=aj.escapement.bone.cog] run data modify entity @s {} merge value {transformation:[-0.2868032327110902f,0.957989512315489f,1.2246467991473532e-16f,0f,0.957989512315489f,0.2868032327110902f,0f,0.731694375f,-3.512326609247501e-17f,1.1731987898738974e-16f,-1f,0f,0f,0f,0f,1f],start_interpolation:0}