execute if entity @s[tag=aj.escapement.bone.left_hand] run data modify entity @s {} merge value {transformation:[-0.7518398074789774f,0.659345815100069f,1.2246467991473532e-16f,0f,0.659345815100069f,0.7518398074789774f,0f,0.75f,-9.207382137006919e-17f,8.07465741993502e-17f,-1f,0f,0f,0f,0f,1f],start_interpolation:0}
execute if entity @s[tag=aj.escapement.bone.right_hand] run data modify entity @s {} merge value {transformation:[-0.7518398074789774f,-0.659345815100069f,1.2246467991473532e-16f,0f,-0.659345815100069f,0.7518398074789774f,0f,0.75f,-9.207382137006919e-17f,-8.07465741993502e-17f,-1f,0f,0f,0f,0f,1f],start_interpolation:0}
execute if entity @s[tag=aj.escapement.bone.cog] run data modify entity @s {} merge value {transformation:[-0.9718583079558809f,-0.2355661886967912f,1.2246467991473532e-16f,0f,-0.2355661886967912f,0.9718583079558809f,0f,0.731694375f,-1.190183166062932e-16f,-2.8848537897486673e-17f,-1f,0f,0f,0f,0f,1f],start_interpolation:0}