execute if entity @s[tag=aj.escapement.bone.left_hand] run data modify entity @s {} merge value {transformation:[0.10886687485196433f,0.9940563382223195f,1.2246467991473532e-16f,0.0f,0.9940563382223195f,-0.10886687485196433f,0.0f,0.75f,1.3332346982063361e-17f,1.2173679127761025e-16f,-1.0f,0.0f,0.0f,0.0f,0.0f,1.0f],start_interpolation:0}
execute if entity @s[tag=aj.escapement.bone.right_hand] run data modify entity @s {} merge value {transformation:[0.10886687485196433f,-0.9940563382223195f,1.2246467991473532e-16f,0.0f,-0.9940563382223195f,-0.10886687485196433f,0.0f,0.75f,1.3332346982063361e-17f,-1.2173679127761025e-16f,-1.0f,0.0f,0.0f,0.0f,0.0f,1.0f],start_interpolation:0}
execute if entity @s[tag=aj.escapement.bone.cog] run data modify entity @s {} merge value {transformation:[-0.42261826174069883f,0.9063077870366502f,1.2246467991473532e-16f,0.0f,0.9063077870366502f,0.42261826174069883f,0.0f,0.731694375f,-5.1755810150196514e-17f,1.1099069304367547e-16f,-1.0f,0.0f,0.0f,0.0f,0.0f,1.0f],start_interpolation:0}
return 1