execute if entity @s[tag=aj.escapement.bone.left_hand] run data modify entity @s {} merge value {transformation:[-0.7298640726978358f,0.6835923020228712f,1.2246467991473532e-16f,0f,0.6835923020228712f,0.7298640726978358f,0f,0.75f,-8.938257004420557e-17f,8.371591245940801e-17f,-1f,0f,0f,0f,0f,1f],start_interpolation:0}
execute if entity @s[tag=aj.escapement.bone.right_hand] run data modify entity @s {} merge value {transformation:[-0.7298640726978358f,-0.6835923020228712f,1.2246467991473532e-16f,0f,-0.6835923020228712f,0.7298640726978358f,0f,0.75f,-8.938257004420557e-17f,-8.371591245940801e-17f,-1f,0f,0f,0f,0f,1f],start_interpolation:0}
execute if entity @s[tag=aj.escapement.bone.cog] run data modify entity @s {} merge value {transformation:[-0.9910609820073987f,0.13340963212051288f,1.2246467991473532e-16f,0f,0.13340963212051288f,0.9910609820073987f,0f,0.731694375f,-1.2136996593751935e-16f,1.6337967895181202e-17f,-1f,0f,0f,0f,0f,1f],start_interpolation:0}