execute if entity @s[tag=aj.escapement.bone.left_hand] run data modify entity @s {} merge value {transformation:[-0.5000000000000001f,0.8660254037844386f,1.2246467991473532e-16f,0.0f,0.8660254037844386f,0.5000000000000001f,0.0f,0.75f,-6.123233995736767e-17f,1.0605752387249068e-16f,-1.0f,0.0f,0.0f,0.0f,0.0f,1.0f],start_interpolation:0}
execute if entity @s[tag=aj.escapement.bone.right_hand] run data modify entity @s {} merge value {transformation:[-0.5000000000000001f,-0.8660254037844386f,1.2246467991473532e-16f,0.0f,-0.8660254037844386f,0.5000000000000001f,0.0f,0.75f,-6.123233995736767e-17f,-1.0605752387249068e-16f,-1.0f,0.0f,0.0f,0.0f,0.0f,1.0f],start_interpolation:0}
execute if entity @s[tag=aj.escapement.bone.cog] run data modify entity @s {} merge value {transformation:[0.261978638463338f,-0.9650736723115472f,1.2246467991473532e-16f,0.0f,-0.9650736723115472f,-0.261978638463338f,0.0f,0.731694375f,3.208313010391086e-17f,-1.181874383737718e-16f,-1.0f,0.0f,0.0f,0.0f,0.0f,1.0f],start_interpolation:0}
return 1