execute if entity @s[tag=aj.escapement.bone.left_hand] run data modify entity @s {} merge value {transformation:[-0.6593458151000688f,0.7518398074789775f,1.2246467991473532e-16f,0f,0.7518398074789775f,0.6593458151000688f,0f,0.75f,-8.074657419935019e-17f,9.20738213700692e-17f,-1f,0f,0f,0f,0f,1f],start_interpolation:0}
execute if entity @s[tag=aj.escapement.bone.right_hand] run data modify entity @s {} merge value {transformation:[-0.6593458151000688f,-0.7518398074789775f,1.2246467991473532e-16f,0f,-0.7518398074789775f,0.6593458151000688f,0f,0.75f,-8.074657419935019e-17f,-9.20738213700692e-17f,-1f,0f,0f,0f,0f,1f],start_interpolation:0}
execute if entity @s[tag=aj.escapement.bone.cog] run data modify entity @s {} merge value {transformation:[-0.639439001980584f,-0.7688418320734601f,1.2246467991473532e-16f,0f,-0.7688418320734601f,0.639439001980584f,0f,0.731694375f,-7.830869270255002e-17f,-9.415596886993498e-17f,-1f,0f,0f,0f,0f,1f],start_interpolation:0}