execute if entity @s[tag=aj.checkpoint_flag.bone.flag_2] run data modify entity @s {} merge value {transformation:[-0.797921812950938f,-0.16504760586067765f,0.5797241311319954f,0.3609901397770122f,-0.13352631802218642f,0.9862856015372314f,0.09701254865108709f,2.1515882975499374f,-0.5877852522924732f,-2.021250222242128e-17f,-0.8090169943749475f,0.055128001991573194f,0.0f,0.0f,0.0f,1.0f],start_interpolation:0}
execute if entity @s[tag=aj.checkpoint_flag.bone.flag_1] run data modify entity @s {} merge value {transformation:[-0.8454117667910278f,-0.16504760586067765f,0.5079746375272406f,0.04396072723037678f,-0.1414734108029432f,0.9862856015372314f,0.08500580119099681f,2.0985357684988335f,-0.5150380749100543f,-2.021250222242128e-17f,-0.8571673007021123f,-0.13801127609969716f,0.0f,0.0f,0.0f,1.0f],start_interpolation:0}
execute if entity @s[tag=aj.checkpoint_flag.bone.flag_0] run data modify entity @s {} merge value {transformation:[-0.8938783209153194f,-0.16504760586067765f,-0.4168223065015448f,-0.2479464119435322f,-0.149583930423288f,0.9862856015372314f,-0.06975213229330367f,2.0496872662199785f,0.42261826174069933f,-2.021250222242128e-17f,-0.9063077870366499f,-3.036467797467178e-17f,0.0f,0.0f,0.0f,1.0f],start_interpolation:0}
execute if entity @s[tag=aj.checkpoint_flag.bone.root] run data modify entity @s {} merge value {transformation:[-1.8616983181299893f,-0.3115414538783631f,2.311625438638057e-16f,0.0f,-0.3115414538783631f,1.8616983181299893f,0.0f,0.0f,-2.279922886275902e-16f,-3.8152824429385006e-17f,-1.887585416666667f,0.0f,0.0f,0.0f,0.0f,1.0f],start_interpolation:0}
return 1