execute if entity @s[tag=aj.checkpoint_flag.bone.flag_2] run data modify entity @s {} merge value {transformation:[-0.956229418194684f,-0.21217767215644626f,-0.20150914425238367f,0.29367531569957234f,-0.20761775864306206f,0.9772311064626789f,-0.04375192404637314f,2.174318163639107f,0.2062041853966295f,-2.5984270705692838e-17f,-0.9785089851017784f,0.028371886828670895f,0f,0f,0f,1f],start_interpolation:0}
execute if entity @s[tag=aj.checkpoint_flag.bone.flag_1] run data modify entity @s {} merge value {transformation:[-0.9345307547852794f,-0.21217767215644626f,-0.2857147245045796f,-0.05677371734490744f,-0.20290651699237527f,0.9772311064626789f,-0.06203474771248213f,2.0982282197669666f,0.2923717047227366f,-2.5984270705692838e-17f,-0.9563047559630355f,0.13801127609969713f,0f,0f,0f,1f],start_interpolation:0}
execute if entity @s[tag=aj.checkpoint_flag.bone.flag_0] run data modify entity @s {} merge value {transformation:[-0.8856721615215674f,-0.21217767215644626f,0.41299571153219783f,-0.34600103259179427f,-0.19229827651069661f,0.9772311064626789f,0.08967015898694532f,2.0354308138439423f,-0.42261826174069955f,-2.5984270705692838e-17f,-0.9063077870366499f,-4.237290570652199e-17f,0f,0f,0f,1f],start_interpolation:0}
execute if entity @s[tag=aj.checkpoint_flag.bone.root] run data modify entity @s {} merge value {transformation:[-1.7712313804636055f,-0.38457203078355884f,2.2196723234545778e-16f,0f,-0.38457203078355884f,1.7712313804636055f,0f,0f,-2.169132840634102e-16f,-4.709649065406827e-17f,-1.8125f,0f,0f,0f,0f,1f],start_interpolation:0}