execute if entity @s[tag=aj.checkpoint_flag.bone.flag_2] run data modify entity @s {} merge value {transformation:[-0.9534929102880445f,-0.18572020832367925f,0.2374010830865018f,0.3956277647993003f,-0.1802182180078171f,0.9826026685391248f,0.04487081097860525f,2.1737942907002274f,-0.24160435411747413f,-2.2744165866057342e-17f,-0.9703748430743031f,0.024242356009016475f,0f,0f,0f,1f],start_interpolation:0}
execute if entity @s[tag=aj.checkpoint_flag.bone.flag_1] run data modify entity @s {} merge value {transformation:[-0.9764071131330602f,-0.18572020832367925f,0.11016875075706592f,0.029475097374402737f,-0.18454919599332814f,0.9826026685391248f,0.02082282492859632f,2.1045883422027294f,-0.11211932786714109f,-2.2744165866057342e-17f,-0.9936947500709766f,-0.017802391941161434f,0f,0f,0f,1f],start_interpolation:0}
execute if entity @s[tag=aj.checkpoint_flag.bone.flag_0] run data modify entity @s {} merge value {transformation:[-0.9811415176771622f,-0.18572020832367925f,-0.05356609478358538f,-0.2909289294920455f,-0.18544403846259036f,0.9826026685391248f,-0.010124444600872088f,2.04402927339229f,0.0545145016380062f,-2.2744165866057342e-17f,-0.9985129789397631f,-3.5628518228179957e-17f,0f,0f,0f,1f],start_interpolation:0}
execute if entity @s[tag=aj.checkpoint_flag.bone.root] run data modify entity @s {} merge value {transformation:[-1.7809673367271637f,-0.3366178775866686f,2.2196723234545778e-16f,0f,-0.3366178775866686f,1.7809673367271637f,0f,0f,-2.1810559483089074e-16f,-4.122380063222893e-17f,-1.8125f,0f,0f,0f,0f,1f],start_interpolation:0}