execute if score #bone_parts kello.value matches 1 run data merge entity @s {Tags:["pr.ignore","kello.exclude","aj.launchpad.rig_entity","aj.launchpad.bone","aj.launchpad.bone.petal"],brightness:{block:12,sky:15},transformation:[-1f,-1.060575238724907e-16f,-6.123233995736762e-17f,0f,0f,-0.4999999999999998f,0.8660254037844388f,0f,-1.2246467991473532e-16f,0.8660254037844388f,0.4999999999999998f,0f,0f,0f,0f,1f],interpolation_duration:1,item_display:"head",item:{id:"minecraft:angler_pottery_sherd",Count:1b,tag:{CustomModelData:159}}}
execute if score #bone_parts kello.value matches 2 run data merge entity @s {Tags:["pr.ignore","kello.exclude","aj.launchpad.rig_entity","aj.launchpad.bone","aj.launchpad.bone.petal2"],brightness:{block:12,sky:15},transformation:[-0.3007057995042731f,0.4768584753741134f,-0.8259431073677972f,0f,-0.9537169507482272f,-0.1503528997521364f,0.2604188614360107f,0f,2.0269743967002918e-16f,0.8660254037844387f,0.49999999999999983f,0f,0f,0f,0f,1f],interpolation_duration:1,item_display:"head",item:{id:"minecraft:angler_pottery_sherd",Count:1b,tag:{CustomModelData:160}}}
execute if score #bone_parts kello.value matches 3 run data merge entity @s {Tags:["pr.ignore","kello.exclude","aj.launchpad.rig_entity","aj.launchpad.bone","aj.launchpad.bone.petal3"],brightness:{block:12,sky:15},transformation:[0.8191520442889919f,0.2867882181755228f,-0.49673176489215426f,0f,-0.5735764363510462f,0.409576022144496f,-0.7094064799162226f,0f,3.1094347295611464e-16f,0.8660254037844386f,0.5f,0f,0f,0f,0f,1f],interpolation_duration:1,item_display:"head",item:{id:"minecraft:angler_pottery_sherd",Count:1b,tag:{CustomModelData:161}}}
execute if score #bone_parts kello.value matches 4 run data merge entity @s {Tags:["pr.ignore","kello.exclude","aj.launchpad.rig_entity","aj.launchpad.bone","aj.launchpad.bone.petal4"],brightness:{block:12,sky:15},transformation:[0.7933533402912352f,-0.30438071450436033f,0.5272028623656692f,0f,0.6087614290087207f,0.39667667014561775f,-0.6870641468694499f,0f,-1.212811549666734e-16f,0.8660254037844386f,0.5000000000000001f,0f,0f,0f,0f,1f],interpolation_duration:1,item_display:"head",item:{id:"minecraft:angler_pottery_sherd",Count:1b,tag:{CustomModelData:158}}}
execute if score #bone_parts kello.value matches 5 run data merge entity @s {Tags:["pr.ignore","kello.exclude","aj.launchpad.rig_entity","aj.launchpad.bone","aj.launchpad.bone.petal5"],brightness:{block:12,sky:15},transformation:[-0.34202014332566877f,-0.4698463103929542f,0.8137976813493736f,0f,0.9396926207859084f,-0.17101007166283413f,0.296198132726024f,0f,-2.227834884945153e-16f,0.8660254037844386f,0.49999999999999994f,0f,0f,0f,0f,1f],interpolation_duration:1,item_display:"head",item:{id:"minecraft:angler_pottery_sherd",Count:1b,tag:{CustomModelData:162}}}
execute if score #bone_parts kello.value matches 6 run data merge entity @s {Tags:["pr.ignore","kello.exclude","aj.launchpad.rig_entity","aj.launchpad.bone","aj.launchpad.bone.petal6"],brightness:{block:12,sky:15},transformation:[-0.7071067811865475f,0.18301270189221922f,-0.6830127018922194f,1.5308084989341916e-18f,-0.7071067811865476f,-0.18301270189221908f,0.6830127018922194f,-2.7755575615628915e-18f,7.04136402448282e-17f,0.9659258262890684f,0.2588190451025205f,-0.0125f,0f,0f,0f,1f],interpolation_duration:1,item_display:"head",item:{id:"minecraft:angler_pottery_sherd",Count:1b,tag:{CustomModelData:163}}}
execute if score #bone_parts kello.value matches 7 run data merge entity @s {Tags:["pr.ignore","kello.exclude","aj.launchpad.rig_entity","aj.launchpad.bone","aj.launchpad.bone.petal7"],brightness:{block:12,sky:15},transformation:[0.46174861323503413f,0.2295752968387786f,-0.8567866719650287f,1.5308084989341916e-18f,-0.8870108331782218f,0.11950933515490485f,-0.4460149107768815f,-2.7755575615628915e-18f,2.535038661381825e-16f,0.9659258262890683f,0.25881904510252074f,-0.0125f,0f,0f,0f,1f],interpolation_duration:1,item_display:"head",item:{id:"minecraft:angler_pottery_sherd",Count:1b,tag:{CustomModelData:164}}}
execute if score #bone_parts kello.value matches 8 run data merge entity @s {Tags:["pr.ignore","kello.exclude","aj.launchpad.rig_entity","aj.launchpad.bone","aj.launchpad.bone.petal8"],transformation:[0.9848077530122077f,-0.04494345552754782f,0.16773125949652046f,1.5308084989341916e-18f,0.1736481776669302f,0.25488700224417893f,-0.9512512425641976f,-2.7755575615628915e-18f,-1.509798941051662e-17f,0.9659258262890683f,0.25881904510252085f,-0.0125f,0f,0f,0f,1f],interpolation_duration:1,item_display:"head",item:{id:"minecraft:angler_pottery_sherd",Count:1b,tag:{CustomModelData:167}}}
execute if score #bone_parts kello.value matches 9 run data merge entity @s {Tags:["pr.ignore","kello.exclude","aj.launchpad.rig_entity","aj.launchpad.bone","aj.launchpad.bone.petal9"],brightness:{block:12,sky:15},transformation:[0.13052619222005146f,-0.25660481229257054f,0.9576621969425483f,1.5308084989341916e-18f,0.9914448613738103f,0.0337826644312621f,-0.12607862007251885f,-2.7755575615628915e-18f,-3.013046488526835e-16f,0.9659258262890683f,0.25881904510252063f,-0.0125f,0f,0f,0f,1f],interpolation_duration:1,item_display:"head",item:{id:"minecraft:angler_pottery_sherd",Count:1b,tag:{CustomModelData:165}}}
execute if score #bone_parts kello.value matches 10 run data merge entity @s {Tags:["pr.ignore","kello.exclude","aj.launchpad.rig_entity","aj.launchpad.bone","aj.launchpad.bone.petal10"],brightness:{block:12,sky:15},transformation:[-0.8870108331782218f,-0.1195093351549047f,0.4460149107768815f,1.5308084989341916e-18f,0.46174861323503397f,-0.22957529683877848f,0.8567866719650289f,-2.7755575615628915e-18f,-2.1115628616652783e-16f,0.9659258262890683f,0.25881904510252063f,-0.0125f,0f,0f,0f,1f],interpolation_duration:1,item_display:"head",item:{id:"minecraft:angler_pottery_sherd",Count:1b,tag:{CustomModelData:166}}}
execute if score #bone_parts kello.value matches 11 run data merge entity @s {Tags:["pr.ignore","kello.exclude","aj.launchpad.rig_entity","aj.launchpad.bone","aj.launchpad.bone.tentacle"],transformation:[-0.9659258262890683f,-0.06698729810778077f,0.24999999999999997f,-1.9900510486144486e-17f,0.25881904510252074f,-0.24999999999999978f,0.9330127018922194f,0.22500000000000003f,-1.6882227585082283e-16f,0.9659258262890684f,0.2588190451025206f,0.16249999999999995f,0f,0f,0f,1f],interpolation_duration:1,item_display:"head",item:{id:"minecraft:angler_pottery_sherd",Count:1b,tag:{CustomModelData:168}}}
execute if score #bone_parts kello.value matches 12 run data merge entity @s {Tags:["pr.ignore","kello.exclude","aj.launchpad.rig_entity","aj.launchpad.bone","aj.launchpad.bone.tentacle1"],transformation:[0.7933533402912352f,-0.4112732602124076f,-0.44882600513227483f,-5.0516680464828325e-17f,-0.6087614290087205f,-0.5359817478799332f,-0.584921437879338f,-0.2749999999999999f,1.490632270290043e-16f,0.7372773368101241f,-0.6755902076156602f,0.41250000000000003f,0f,0f,0f,1f],interpolation_duration:1,item_display:"head",item:{id:"minecraft:angler_pottery_sherd",Count:1b,tag:{CustomModelData:169}}}
execute if score #bone_parts kello.value matches 13 run data merge entity @s {Tags:["pr.ignore","kello.exclude","aj.launchpad.rig_entity","aj.launchpad.bone","aj.launchpad.bone.tentacle2"],transformation:[0.38268343236509006f,-0.39044836208773065f,0.8373192145987588f,-0.18750000000000006f,0.9238795325112868f,0.1617290069830992f,-0.34682897472239416f,-0.03749999999999991f,-1.0276611051027046e-16f,0.9063077870366497f,0.4226182617407002f,0.4125f,0f,0f,0f,1f],interpolation_duration:1,item_display:"head",item:{id:"minecraft:angler_pottery_sherd",Count:1b,tag:{CustomModelData:170}}}
execute if score #bone_parts kello.value matches 14 run data merge entity @s {Tags:["pr.ignore","kello.exclude","aj.launchpad.rig_entity","aj.launchpad.bone","aj.launchpad.bone.tentacle3"],transformation:[-0.2164396139381033f,0.4126005214734116f,-0.8848246737055842f,0.12499999999999994f,-0.9762960071199333f,-0.091471333414349f,0.19616090753530932f,-0.4187499999999999f,1.9027505314903244e-16f,0.9063077870366499f,0.4226182617406992f,0.4125000000000001f,0f,0f,0f,1f],interpolation_duration:1,item_display:"head",item:{id:"minecraft:angler_pottery_sherd",Count:1b,tag:{CustomModelData:171}}}
execute if score #bone_parts kello.value matches 15 run data merge entity @s {Tags:["pr.ignore","kello.exclude","aj.launchpad.rig_entity","aj.launchpad.bone","aj.launchpad.bone.large_cog"],transformation:[-1.2020833333333334f,-1.4721275064750475e-16f,3.268779705745234e-32f,-7.652725999361874e-17f,0f,2.6691611883696473e-16f,1.2020833333333334f,1.3875400828311512e-16f,-1.4721275064750475e-16f,1.2020833333333334f,-2.6691611883696473e-16f,0.6248925f,0f,0f,0f,1f],interpolation_duration:1,item_display:"head",item:{id:"minecraft:angler_pottery_sherd",Count:1b,tag:{CustomModelData:172}}}
# execute if score #bone_parts kello.value matches 16 run data merge entity @s {Tags:["pr.ignore","kello.exclude","aj.launchpad.rig_entity","aj.launchpad.bone","aj.launchpad.bone.shaft"],transformation:[-1f,-1.2246467991473532e-16f,2.719262146893782e-32f,0f,0f,2.220446049250313e-16f,1f,0f,-1.2246467991473532e-16f,1f,-2.220446049250313e-16f,0f,0f,0f,0f,1f],interpolation_duration:1,item_display:"head",item:{id:"minecraft:angler_pottery_sherd",Count:1b,tag:{CustomModelData:173}}}
tp @s ~ ~ ~ ~ ~
ride @s mount @e[type=item_display,tag=pr.target,tag=kello.entity.low_lod_target,distance=..2.5,limit=1]