execute if entity @s[tag=aj.maze_npc.bone.bone3] run data modify entity @s {} merge value {transformation:[-0.9984490448188217f,0.004646252038955269f,0.05547898018504971f,-0.250246875f,0f,0.9965114786067516f,-0.08345581468648983f,0.1384475f,-0.055673197324948326f,-0.08332637845830235f,-0.9949659339659027f,0.040435624999999975f,0f,0f,0f,1f],start_interpolation:0}
execute if entity @s[tag=aj.maze_npc.bone.bone4] run data modify entity @s {} merge value {transformation:[-1f,6.818000290229681e-18f,1.2227474268491023e-16f,0.13926625f,0f,0.9984490448188217f,-0.05567319732494821f,0.123083125f,-1.2246467991473532e-16f,-0.05567319732494821f,-0.9984490448188217f,0.039830625000000015f,0f,0f,0f,1f],start_interpolation:0}
execute if entity @s[tag=aj.maze_npc.bone.bone2] run data modify entity @s {} merge value {transformation:[-0.9024905759975783f,0.42655215179909123f,0.0596994307437218f,0.3463790252558302f,-0.05569269514070396f,0.021873846291154502f,-0.9982083242271603f,0.9171897958127119f,-0.4270937648146178f,-0.904198427693831f,0.004014898813171587f,0.001360120159043376f,0f,0f,0f,1f],start_interpolation:0}
execute if entity @s[tag=aj.maze_npc.bone.bone] run data modify entity @s {} merge value {transformation:[-0.9998894164472166f,-0.01447065111502261f,-0.003428575965606585f,-0.3785418468156555f,-0.014377772254582089f,0.881764830342974f,0.4714701089520114f,0.8383325723925658f,-0.0037992817531751688f,0.4714672673967234f,-0.8818753773814225f,-0.0014038378081200151f,0f,0f,0f,1f],start_interpolation:0}
execute if entity @s[tag=aj.maze_npc.bone.head] run data modify entity @s {} merge value {transformation:[-0.9834156428952008f,-0.029780316305297365f,0.1789044607319106f,-0.00538058995413074f,-0.05907489511438865f,0.9852294508685906f,-0.1607267429782599f,0.9687113151011546f,-0.1714754503602288f,-0.16862995552965104f,-0.9706493228874291f,0.000031372021393737744f,0f,0f,0f,1f],start_interpolation:0}
execute if entity @s[tag=aj.maze_npc.bone.body] run data modify entity @s {} merge value {transformation:[-0.9998894164472166f,-0.014378194449451664f,0.0037976836648670013f,0f,-0.014377772254582089f,0.9998966249049642f,0.00013845091780730005f,0.59453125f,-0.0037992817531751688f,0.00008383337658451838f,-0.9999927791889924f,0f,0f,0f,0f,1f],start_interpolation:0}