execute if entity @s[tag=aj.maze_npc.bone.bone3] run data modify entity @s {} merge value {transformation:[-0.9999379463914896f,0.000186150236339855f,0.011138613668674146f,-0.250246875f,1.3552527156068805e-20f,0.9998603811858571f,-0.016709821509300952f,0.1384475f,-0.011140169045865681f,-0.016708784604578735f,-0.9997983362411978f,0.040435624999999975f,0f,0f,0f,1f],start_interpolation:0}
execute if entity @s[tag=aj.maze_npc.bone.bone4] run data modify entity @s {} merge value {transformation:[-1f,1.3642772363979679e-18f,1.2245708053943155e-16f,0.13926625f,0f,0.9999379463914896f,-0.011140169045865558f,0.123083125f,-1.2246467991473532e-16f,-0.011140169045865558f,-0.9999379463914896f,0.039830625000000015f,0f,0f,0f,1f],start_interpolation:0}
execute if entity @s[tag=aj.maze_npc.bone.bone2] run data modify entity @s {} merge value {transformation:[-0.7689698178987496f,0.6011441022385806f,0.2175113502889781f,0.3478133132986928f,-0.018816790932699105f,0.3188105731584952f,-0.9476316514455112f,0.9148216059747114f,-0.6390080966151829f,-0.7327930040510229f,-0.23384410549363555f,0.022995721597246464f,0f,0f,0f,1f],start_interpolation:0}
execute if entity @s[tag=aj.maze_npc.bone.bone] run data modify entity @s {} merge value {transformation:[-0.9999489125221852f,-0.009882533318837847f,0.0021231770772252175f,-0.3774552241915594f,-0.009772611194575152f,0.9988608952970269f,0.04670554481923504f,0.8394696213915094f,-0.00258232765908187f,0.0466824097666773f,-0.9989064441689408f,0.016362557933804305f,0f,0f,0f,1f],start_interpolation:0}
execute if entity @s[tag=aj.maze_npc.bone.head] run data modify entity @s {} merge value {transformation:[-0.9839931301954331f,-0.019762008053973736f,0.17710726344751715f,-0.003715451335296075f,-0.04278862531404264f,0.9909592916381856f,-0.12715665873118737f,0.9678255609164845f,-0.172993217415967f,-0.13269945498614477f,-0.9759427244333819f,0.026023560677287907f,0f,0f,0f,1f],start_interpolation:0}
execute if entity @s[tag=aj.maze_npc.bone.body] run data modify entity @s {} merge value {transformation:[-0.9999489125221852f,-0.0099285547164488f,0.0018963509542479523f,0f,-0.009772611194575152f,0.9975296826160757f,0.06956312507579658f,0.59453125f,-0.00258232765908187f,0.0695410389706232f,-0.9975757492455134f,0f,0f,0f,0f,1f],start_interpolation:0}