execute if entity @s[tag=aj.maze_npc.bone.bone3] run data modify entity @s {} merge value {transformation:[-0.9963548057946024f,0.010899061837749866f,0.08460680481531607f,-0.250246875f,-8.673617379884035e-19f,0.991804544176864f,-0.1277644166038535f,0.1384475f,-0.08530592576134488f,-0.1272986904927931f,-0.9881892239995436f,0.040435624999999975f,0f,0f,0f,1f],start_interpolation:0}
execute if entity @s[tag=aj.maze_npc.bone.bone4] run data modify entity @s {} merge value {transformation:[-1f,1.0446962893193259e-17f,1.2201827237314426e-16f,0.13926625f,0f,0.9963548057946024f,-0.08530592576134476f,0.123083125f,-1.2246467991473532e-16f,-0.08530592576134476f,-0.9963548057946024f,0.039830625000000015f,0f,0f,0f,1f],start_interpolation:0}
execute if entity @s[tag=aj.maze_npc.bone.bone2] run data modify entity @s {} merge value {transformation:[-0.9926586179025543f,-0.12083075483805313f,0.005366282610621803f,0.350985f,0.0008696866356309018f,-0.05149733750302339f,-0.9986727531455212f,0.9111030161736222f,0.12094673186550586f,-0.9913364478901026f,0.05122436076406843f,0.026089516797240475f,0f,0f,0f,1f],start_interpolation:0}
execute if entity @s[tag=aj.maze_npc.bone.bone] run data modify entity @s {} merge value {transformation:[-1f,-5.580956612914084e-17f,1.0900867009139977e-16f,-0.375f,0f,0.8901233414180795f,0.45571969132649215f,0.8429079593802276f,-1.2246467991473532e-16f,0.45571969132649215f,-0.8901233414180795f,0.020469381744753577f,0f,0f,0f,1f],start_interpolation:0}
execute if entity @s[tag=aj.maze_npc.bone.head] run data modify entity @s {} merge value {transformation:[-0.9848077422371356f,-0.02570051642398662f,0.17173582702900392f,-3.764093541567367e-18f,-0.031015092857121222f,0.9991172160595266f,-0.0283346534922454f,0.9674856192574578f,-0.17085600617145336f,-0.033230588754968815f,-0.9847354736812006f,0.03073615628757675f,0f,0f,0f,1f],start_interpolation:0}
execute if entity @s[tag=aj.maze_npc.bone.body] run data modify entity @s {} merge value {transformation:[-1f,-1.0058538065148703e-17f,1.2205090593113406e-16f,0f,0f,0.9966212790178413f,0.08213419634258505f,0.59453125f,-1.2246467991473532e-16f,0.08213419634258505f,-0.9966212790178413f,0f,0f,0f,0f,1f],start_interpolation:0}