execute if entity @s[tag=aj.maze_npc.bone.bone3] run data modify entity @s {} merge value {transformation:[-0.9985506939806028f,0.004342142953261266f,0.05364380062439575f,-0.250246875f,0.0f,0.9967400462266178f,-0.08068011061073041f,0.1384475f,-0.053819248887888416f,-0.08056318044077665f,-0.9952954648778474f,0.040435624999999975f,0.0f,0.0f,0.0f,1.0f],start_interpolation:0}
execute if entity @s[tag=aj.maze_npc.bone.bone4] run data modify entity @s {} merge value {transformation:[-1.0f,6.5909570883067145e-18f,1.2228719111697135e-16f,0.13926625f,0.0f,0.9985506939806028f,-0.05381924888788829f,0.123083125f,-1.2246467991473532e-16f,-0.05381924888788829f,-0.9985506939806028f,0.039830625000000015f,0.0f,0.0f,0.0f,1.0f],start_interpolation:0}
execute if entity @s[tag=aj.maze_npc.bone.bone2] run data modify entity @s {} merge value {transformation:[-0.8405890928700496f,0.5383978420890118f,0.05947890871395226f,0.3431733440961353f,-0.07221732519827959f,-0.0025662950557130463f,-0.997385618540238f,0.9205969338749351f,-0.5368376243233265f,-0.8426868800234062f,0.041038851681112765f,0.001428968525335667f,0.0f,0.0f,0.0f,1.0f],start_interpolation:0}
execute if entity @s[tag=aj.maze_npc.bone.bone] run data modify entity @s {} merge value {transformation:[-0.9996851093951526f,-0.024437496041918267f,-0.005700073754167428f,-0.38092409202240657f,-0.024260622533993872f,0.8832037110665959f,0.4683616412052294f,0.8345781778429077f,-0.0064112594601051605f,0.4683524458625088f,-0.8835184673829637f,-0.003048590108474993f,0.0f,0.0f,0.0f,1.0f],start_interpolation:0}
execute if entity @s[tag=aj.maze_npc.bone.head] run data modify entity @s {} merge value {transformation:[-0.9823224354767451f,-0.04829639487514507f,0.18085931272981254f,-0.009072734494133101f,-0.06922957983426593f,0.9913748705817734f,-0.11127951857796253f,0.9686387508132334f,-0.17392497818026903f,-0.12183318193758287f,-0.9771933164650467f,-0.0009675616972982202f,0.0f,0.0f,0.0f,1.0f],start_interpolation:0}
execute if entity @s[tag=aj.maze_npc.bone.body] run data modify entity @s {} merge value {transformation:[-0.9996851093951526f,-0.02424446795927008f,0.006472080575336335f,0.0f,-0.024260622533993872f,0.9997027161606236f,-0.002429299350595334f,0.59453125f,-0.0064112594601051605f,-0.002585551090901298f,-0.9999761050533615f,0.0f,0.0f,0.0f,0.0f,1.0f],start_interpolation:0}
return 1