execute if entity @s[tag=aj.maze_npc.bone.bone3] run data modify entity @s {} merge value {transformation:[-0.998343953546533f,0.004960599358652592f,0.05731267635594153f,-0.250246875f,0.0f,0.9962751812702922f,-0.08623087141416602f,0.1384475f,-0.0575269538310344f,-0.08608806908538122f,-0.9946253032896724f,0.040435624999999975f,0.0f,0.0f,0.0f,1.0f],start_interpolation:0}
execute if entity @s[tag=aj.maze_npc.bone.bone4] run data modify entity @s {} merge value {transformation:[-1.0f,7.04501998738737e-18f,1.2226187271588756e-16f,0.13926625f,0.0f,0.998343953546533f,-0.05752695383103428f,0.123083125f,-1.2246467991473532e-16f,-0.05752695383103428f,-0.998343953546533f,0.039830625000000015f,0.0f,0.0f,0.0f,1.0f],start_interpolation:0}
execute if entity @s[tag=aj.maze_npc.bone.bone2] run data modify entity @s {} merge value {transformation:[-0.9567000385962263f,0.2868994564130604f,0.04912980826208612f,0.34917033378259427f,-0.03612540768003073f,0.050449583893266974f,-0.9980730406162405f,0.9141683170257731f,-0.288825191196908f,-0.9566313508321199f,-0.037900759031751045f,0.0010196270460985023f,0.0f,0.0f,0.0f,1.0f],start_interpolation:0}
execute if entity @s[tag=aj.maze_npc.bone.bone] run data modify entity @s {} merge value {transformation:[-0.9999826729885116f,-0.005727343287683765f,-0.001360610751232487f,-0.3764124865110865f,-0.005691401533864711f,0.8815746328327312f,0.47201035443559447f,0.8416113860425084f,-0.0015038854117478903f,0.47200991968887707f,-0.8815919543893127f,-0.00017811041277880532f,0.0f,0.0f,0.0f,1.0f],start_interpolation:0}
execute if entity @s[tag=aj.maze_npc.bone.head] run data modify entity @s {} merge value {transformation:[-0.984284016438797f,-0.015030088445364147f,0.17595190088326493f,-0.002130700323664668f,-0.05028645867046147f,0.9789760667998011f,-0.1976793684418663f,0.9687434856265893f,-0.1692815614811422f,-0.20342064072880037f,-0.9643463049485856f,0.0005793747002011507f,0.0f,0.0f,0.0f,1.0f],start_interpolation:0}
execute if entity @s[tag=aj.maze_npc.bone.body] run data modify entity @s {} merge value {transformation:[-0.9999826729885116f,-0.005693729466160281f,0.0014950476639638834f,0.0f,-0.005691401533864711f,0.9999825920710529f,0.0015567605591719547f,0.59453125f,-0.0015038854117478903f,0.0015482246685959765f,-0.999997670661809f,0.0f,0.0f,0.0f,0.0f,1.0f],start_interpolation:0}
return 1