execute if entity @s[tag=aj.maze_npc.bone.bone3] run data modify entity @s {} merge value {transformation:[-0.9972433008171416f,0.008249207737900182f,0.07374109808667706f,-0.250246875f,0.0f,0.9938009901992347f,-0.11117370138220861f,0.1384475f,-0.07420107125461167f,-0.11086722893045295f,-0.9910613798216287f,0.040435624999999975f,0.0f,0.0f,0.0f,1.0f],start_interpolation:0}
execute if entity @s[tag=aj.maze_npc.bone.bone4] run data modify entity @s {} merge value {transformation:[-1.0f,9.08701044052647e-18f,1.2212708163168535e-16f,0.13926625f,0.0f,0.9972433008171416f,-0.07420107125461153f,0.123083125f,-1.2246467991473532e-16f,-0.07420107125461153f,-0.9972433008171416f,0.039830625000000015f,0.0f,0.0f,0.0f,1.0f],start_interpolation:0}
execute if entity @s[tag=aj.maze_npc.bone.bone2] run data modify entity @s {} merge value {transformation:[-0.8924671590295774f,-0.4420031828654213f,-0.09019731919803294f,0.350985f,0.044418133258122515f,0.11287158588305163f,-0.9926162574419727f,0.9121593376009749f,0.4489202596135961f,-0.8898838078294729f,-0.08110122731117948f,-0.003277802914668621f,0.0f,0.0f,0.0f,1.0f],start_interpolation:0}
execute if entity @s[tag=aj.maze_npc.bone.bone] run data modify entity @s {} merge value {transformation:[-1.0f,-2.1994211147862334e-17f,1.2047345144305372e-16f,-0.375f,0.0f,0.9837403856110353f,0.17959636332022882f,0.843736730825467f,-1.2246467991473532e-16f,0.17959636332022882f,-0.9837403856110353f,-0.0025717072365064636f,0.0f,0.0f,0.0f,1.0f],start_interpolation:0}
execute if entity @s[tag=aj.maze_npc.bone.head] run data modify entity @s {} merge value {transformation:[-0.9848077422371356f,-0.04861722753735645f,0.16670355729970632f,4.729085968713698e-19f,-0.04667186171191928f,0.9987889262858959f,0.015569780120816173f,0.9687300754401214f,-0.16725862654625334f,0.0075528746347327085f,-0.9858841239875064f,-0.0038615917438450595f,0.0f,0.0f,0.0f,1.0f],start_interpolation:0}
execute if entity @s[tag=aj.maze_npc.bone.body] run data modify entity @s {} merge value {transformation:[-1.0f,1.2637223465456226e-18f,1.2245815951764674e-16f,0.0f,0.0f,0.9999467569172343f,-0.010319076058709135f,0.59453125f,-1.2246467991473532e-16f,-0.010319076058709135f,-0.9999467569172343f,0.0f,0.0f,0.0f,0.0f,1.0f],start_interpolation:0}
return 1