execute if entity @s[tag=aj.maze_npc.bone.bone3] run data modify entity @s {} merge value {transformation:[-0.9995587577841621f,0.0013231912720092455f,0.02967387574686591f,-0.250246875f,0f,0.9990072962822006f,-0.04454685145919222f,0.1384475f,-0.02970336238513678f,-0.04452719550774576f,-0.9985664920891509f,0.040435624999999975f,0f,0f,0f,1f],start_interpolation:0}
execute if entity @s[tag=aj.maze_npc.bone.bone4] run data modify entity @s {} merge value {transformation:[-1f,3.63761276688715e-18f,1.2241064332800787e-16f,0.13926625f,0f,0.9995587577841621f,-0.02970336238513666f,0.123083125f,-1.2246467991473532e-16f,-0.02970336238513666f,-0.9995587577841621f,0.039830625000000015f,0f,0f,0f,1f],start_interpolation:0}
execute if entity @s[tag=aj.maze_npc.bone.bone2] run data modify entity @s {} merge value {transformation:[-0.9337291142065043f,-0.35298539380226385f,0.059592390834717034f,0.35165499534227806f,0.0019738559965056524f,-0.1715424125679521f,-0.9851747583971442f,0.9101217048022981f,0.3579749225513458f,-0.919768727698777f,0.16087088727215618f,0.02881397817901972f,0f,0f,0f,1f],start_interpolation:0}
execute if entity @s[tag=aj.maze_npc.bone.bone] run data modify entity @s {} merge value {transformation:[-0.9999977068879625f,0.002128851004753145f,-0.00023283516933745883f,-0.37447284190450675f,0.0020704836987091245f,0.9888592322965812f,0.1488392817742321f,0.843484633949845f,0.0005470978613544945f,0.14883845838766083f,-0.9888613724828746f,0.022962766545995723f,0f,0f,0f,1f],start_interpolation:0}
execute if entity @s[tag=aj.maze_npc.bone.head] run data modify entity @s {} merge value {transformation:[-0.9849600643751766f,-0.041255553057668266f,0.16778453721351674f,0.0007902721864938733f,-0.027399842763304937f,0.9960827942047766f,0.0840732758119422f,0.9671856709329f,-0.17059578014298665f,0.07821154921819831f,-0.9822321687698357f,0.03417207749901614f,0f,0f,0f,1f],start_interpolation:0}
execute if entity @s[tag=aj.maze_npc.bone.body] run data modify entity @s {} merge value {transformation:[-0.9999977068879625f,0.0021117920641172392f,-0.00035574301743017785f,0f,0.0020704836987091245f,0.9958197469605677f,0.09131672716783167f,0.59453125f,0.0005470978613544945f,0.09131578120822685f,-0.9958218358653627f,0f,0f,0f,0f,1f],start_interpolation:0}