execute if entity @s[tag=aj.maze_npc.bone.bone3] run data modify entity @s {} merge value {transformation:[-0.9999982762713203f,0.000005171177868142379f,0.0018567249788396252f,-0.250246875f,0f,0.9999961216118635f,-0.0027850962696366797f,0.1384475f,-0.0018567321799676845f,-0.002785091468886364f,-0.9999943978898691f,0.040435624999999975f,0f,0f,0f,1f],start_interpolation:0}
execute if entity @s[tag=aj.maze_npc.bone.bone4] run data modify entity @s {} merge value {transformation:[-1f,2.2738411210711625e-19f,1.224644688188543e-16f,0.13926625f,0f,0.9999982762713203f,-0.0018567321799675622f,0.123083125f,-1.2246467991473532e-16f,-0.0018567321799675622f,-0.9999982762713203f,0.039830625000000015f,0f,0f,0f,1f],start_interpolation:0}
execute if entity @s[tag=aj.maze_npc.bone.bone2] run data modify entity @s {} merge value {transformation:[-0.9963029274881127f,-0.010143369533566584f,0.08530878461871397f,0.3463829480250914f,-0.022821409994821764f,0.9885764046505581f,-0.14898280241029344f,0.9171882790015897f,-0.08282306396448313f,-0.150378868936702f,-0.9851530519938785f,0.0003334716091482205f,0f,0f,0f,1f],start_interpolation:0}
execute if entity @s[tag=aj.maze_npc.bone.bone] run data modify entity @s {} merge value {transformation:[-0.9998894164472166f,-0.014351069890720066f,0.003898931884030132f,-0.37853876907902556f,-0.014377772254582042f,0.9998727633928183f,-0.006909174350445963f,0.838331382328904f,-0.0037992817531751545f,-0.006964468264064204f,-0.9999685303248093f,-0.002209328429077941f,0f,0f,0f,1f],start_interpolation:0}
execute if entity @s[tag=aj.maze_npc.bone.head] run data modify entity @s {} merge value {transformation:[-0.9834084065170732f,-0.05927507900202178f,0.1714478667142149f,-0.0053759685251472565f,-0.059616746599399445f,0.9982163388413486f,0.003159809341841233f,0.9687095281403584f,-0.17132935976199212f,-0.007113780955151113f,-0.9851881265038003f,-0.0011781264345274189f,0f,0f,0f,1f],start_interpolation:0}
execute if entity @s[tag=aj.maze_npc.bone.body] run data modify entity @s {} merge value {transformation:[-0.9998894164472166f,-0.014365844910623147f,0.0038441353837452004f,0f,-0.014377772254582042f,0.9998918497278888f,-0.0030933012683020955f,0.59453125f,-0.0037992817531751545f,-0.0031482293031212857f,-0.9999878269811163f,0f,0f,0f,0f,1f],start_interpolation:0}