execute if entity @s[tag=aj.maze_npc.bone.bone3] run data modify entity @s {} merge value {transformation:[-0.9988349853579296f,0.0034913121060869768f,0.0481298531558379f,-0.250246875f,0.0f,0.9973793533570499f,-0.0723493296242127f,0.1384475f,-0.04825631590812367f,-0.0722650415958565f,-0.9962173918066902f,0.040435624999999975f,0.0f,0.0f,0.0f,1.0f],start_interpolation:0}
execute if entity @s[tag=aj.maze_npc.bone.bone4] run data modify entity @s {} merge value {transformation:[-1.0f,5.9096942815527e-18f,1.2232200676949818e-16f,0.13926625f,0.0f,0.9988349853579296f,-0.04825631590812354f,0.123083125f,-1.2246467991473532e-16f,-0.04825631590812354f,-0.9988349853579296f,0.039830625000000015f,0.0f,0.0f,0.0f,1.0f],start_interpolation:0}
execute if entity @s[tag=aj.maze_npc.bone.bone2] run data modify entity @s {} merge value {transformation:[-0.7600660935112055f,0.6496023800236517f,0.01778430100461604f,0.3369374314807685f,-0.08838437077560789f,-0.07622386714284694f,-0.9931657087718995f,0.9270148358226411f,-0.6438072199790983f,-0.7564434347295224f,0.11534987454430871f,0.004080278870487576f,0.0f,0.0f,0.0f,1.0f],start_interpolation:0}
execute if entity @s[tag=aj.maze_npc.bone.bone] run data modify entity @s {} merge value {transformation:[-0.9990049305677231f,-0.04353154682092263f,-0.009703253720098767f,-0.38537430826735625f,-0.04311893812832757f,0.8870992086579499f,0.45956038903839885f,0.8273485425194593f,-0.011397625895959553f,0.45952148853978186f,-0.888093517426019f,-0.004211434782554623f,0.0f,0.0f,0.0f,1.0f],start_interpolation:0}
execute if entity @s[tag=aj.maze_npc.bone.head] run data modify entity @s {} merge value {transformation:[-0.9799814813987864f,-0.08793620940807323f,0.17861556256491123f,-0.016138034504189266f,-0.08724089113759367f,0.9961178389366439f,0.011759160927074765f,0.9684018530662126f,-0.17895620422035877f,-0.004058820903884015f,-0.9838486687209123f,9.411062921025198e-05f,0.0f,0.0f,0.0f,1.0f],start_interpolation:0}
execute if entity @s[tag=aj.maze_npc.bone.body] run data modify entity @s {} merge value {transformation:[-0.9990049305677231f,-0.043124601597833524f,0.011376178550239256f,0.0f,-0.04311893812832757f,0.9990696699890443f,0.000742753436525318f,0.59453125f,-0.011397625895959553f,0.0002514856062403393f,-0.999935013327829f,0.0f,0.0f,0.0f,0.0f,1.0f],start_interpolation:0}
return 1