execute if entity @s[tag=aj.maze_npc.bone.bone3] run data modify entity @s {} merge value {transformation:[-0.9999155384594157f,0.00025336500417992195f,0.012994296964102578f,-0.250246875f,0.0f,0.9998099648776646f,-0.0194944641199257f,0.1384475f,-0.012996766806272573f,-0.019492817587453266f,-0.9997255193877396f,0.040435624999999975f,0.0f,0.0f,0.0f,1.0f],start_interpolation:0}
execute if entity @s[tag=aj.maze_npc.bone.bone4] run data modify entity @s {} merge value {transformation:[-1.0f,1.5916448868566123e-18f,1.2245433635920256e-16f,0.13926625f,0.0f,0.9999155384594157f,-0.012996766806272448f,0.123083125f,-1.2246467991473532e-16f,-0.012996766806272448f,-0.9999155384594157f,0.039830625000000015f,0.0f,0.0f,0.0f,1.0f],start_interpolation:0}
execute if entity @s[tag=aj.maze_npc.bone.bone2] run data modify entity @s {} merge value {transformation:[-0.7660444098897838f,0.6330222663007975f,0.1116188713614993f,0.350985f,-1.0135173499070671e-08f,0.17364811511107056f,-0.9848077640424917f,0.9109675148753525f,-0.6427876492875487f,-0.7544064835920848f,-0.13302216145294282f,0.02768458590507993f,0.0f,0.0f,0.0f,1.0f],start_interpolation:0}
execute if entity @s[tag=aj.maze_npc.bone.bone] run data modify entity @s {} merge value {transformation:[-1.0f,-1.0673500138322974e-17f,1.2199866483456202e-16f,-0.375f,0.0f,0.9961946980917455f,0.08715574274765818f,0.8428016474150521f,-1.2246467991473532e-16f,0.08715574274765818f,-0.9961946980917455f,0.021720845262892897f,0.0f,0.0f,0.0f,1.0f],start_interpolation:0}
execute if entity @s[tag=aj.maze_npc.bone.head] run data modify entity @s {} merge value {transformation:[-0.9848077422371356f,-0.007574381064042513f,0.17348296625689863f,-3.994223879888051e-18f,-0.03015365018485118f,0.9913297911820514f,-0.12789058798629377f,0.9673259846765204f,-0.17101014066518155f,-0.13117878588570253f,-0.9764976487033791f,0.03261531310635021f,0.0f,0.0f,0.0f,1.0f],start_interpolation:0}
execute if entity @s[tag=aj.maze_npc.bone.body] run data modify entity @s {} merge value {transformation:[-1.0f,-1.0673500138322974e-17f,1.2199866483456202e-16f,0.0f,0.0f,0.9961946980917455f,0.08715574274765818f,0.59453125f,-1.2246467991473532e-16f,0.08715574274765818f,-0.9961946980917455f,0.0f,0.0f,0.0f,0.0f,1.0f],start_interpolation:0}
return 1