execute if entity @s[tag=aj.maze_npc.bone.bone3] run data modify entity @s {} merge value {transformation:[-0.999751793267259f,0.0007444507863339676f,0.022266514139541442f,-0.250246875f,-5.421010862427522e-20f,0.9994415637302546f,-0.03341497700767458f,0.1384475f,-0.022278955516353817f,-0.03340668318540689f,-0.9991934956051557f,0.040435624999999975f,0.0f,0.0f,0.0f,1.0f],start_interpolation:0}
execute if entity @s[tag=aj.maze_npc.bone.bone4] run data modify entity @s {} merge value {transformation:[-1.0f,2.728385156144882e-18f,1.2243428335665753e-16f,0.13926625f,0.0f,0.999751793267259f,-0.022278955516353696f,0.123083125f,-1.2246467991473532e-16f,-0.022278955516353696f,-0.999751793267259f,0.039830625000000015f,0.0f,0.0f,0.0f,1.0f],start_interpolation:0}
execute if entity @s[tag=aj.maze_npc.bone.bone2] run data modify entity @s {} merge value {transformation:[-0.8870108367927194f,-0.4617486062916485f,1.5150868337698905e-09f,0.350985f,-2.101916055791131e-08f,3.709623806746887e-08f,-0.9999999999999993f,0.9109675148753525f,0.46174860629164804f,-0.8870108367927189f,-4.2610333234049946e-08f,0.02768458590507993f,0.0f,0.0f,0.0f,1.0f],start_interpolation:0}
execute if entity @s[tag=aj.maze_npc.bone.bone] run data modify entity @s {} merge value {transformation:[-1.0f,-4.8868973339102686e-17f,1.122916794397548e-16f,-0.375f,0.0f,0.9169311471514614f,0.3990454502729045f,0.8428016474150521f,-1.2246467991473532e-16f,0.3990454502729045f,-0.9169311471514614f,0.021720845262892897f,0.0f,0.0f,0.0f,1.0f],start_interpolation:0}
execute if entity @s[tag=aj.maze_npc.bone.head] run data modify entity @s {} merge value {transformation:[-0.9848077422371356f,-0.05221698595607688f,0.16561128345453527f,-3.994223879888051e-18f,-0.03015365018485117f,0.990651567532705f,0.1330422080601643f,0.9673259846765204f,-0.17101014066518158f,0.12602721183402135f,-0.9771758662937893f,0.03261531310635021f,0.0f,0.0f,0.0f,1.0f],start_interpolation:0}
execute if entity @s[tag=aj.maze_npc.bone.body] run data modify entity @s {} merge value {transformation:[-1.0f,-1.0673500138322974e-17f,1.2199866483456202e-16f,0.0f,0.0f,0.9961946980917455f,0.08715574274765818f,0.59453125f,-1.2246467991473532e-16f,0.08715574274765818f,-0.9961946980917455f,0.0f,0.0f,0.0f,0.0f,1.0f],start_interpolation:0}
return 1