execute if entity @s[tag=aj.maze_npc.bone.bone3] run data modify entity @s {} merge value {transformation:[-0.9999844864775377f,0.00004653990554759023f,0.005569976507346378f,-0.250246875f,3.3881317890172014e-21f,0.9999650946872738f,-0.008355202395602992f,0.1384475f,-0.005570170935904835f,-0.00835507277698295f,-0.9999495817063159f,0.040435624999999975f,0f,0f,0f,1f],start_interpolation:0}
execute if entity @s[tag=aj.maze_npc.bone.bone4] run data modify entity @s {} merge value {transformation:[-1f,6.821492007359322e-19f,1.2246278005617263e-16f,0.13926625f,0f,0.9999844864775377f,-0.005570170935904712f,0.123083125f,-1.2246467991473532e-16f,-0.005570170935904712f,-0.9999844864775377f,0.039830625000000015f,0f,0f,0f,1f],start_interpolation:0}
execute if entity @s[tag=aj.maze_npc.bone.bone2] run data modify entity @s {} merge value {transformation:[-0.9334276660964692f,0.1362564351734923f,0.3318839797873805f,0.3369374314807685f,-0.07428553381838496f,0.8316200315658795f,-0.5503542337110556f,0.9270148358226411f,-0.35099067171509857f,-0.5383700465034971f,-0.7661352631205577f,0.004080278870487576f,0f,0f,0f,1f],start_interpolation:0}
execute if entity @s[tag=aj.maze_npc.bone.bone] run data modify entity @s {} merge value {transformation:[-0.9990049305677231f,-0.04285282877341604f,0.012360573105446027f,-0.38537430826735625f,-0.04311893812832757f,0.9988247742957533f,-0.022132045267501458f,0.8273485425194593f,-0.011397625895959553f,-0.022642997132746392f,-0.9996786427671555f,-0.004211434782554623f,0f,0f,0f,1f],start_interpolation:0}
execute if entity @s[tag=aj.maze_npc.bone.head] run data modify entity @s {} merge value {transformation:[-0.9799814813987864f,-0.08120513141282579f,0.18177464825345127f,-0.016138034504189266f,-0.08724089113759367f,0.9958622176868174f,-0.025445437654177148f,0.9684018530662126f,-0.1789562042203588f,-0.0407942399870347f,-0.9830109393872081f,0.00009411062921025198f,0f,0f,0f,1f],start_interpolation:0}
execute if entity @s[tag=aj.maze_npc.bone.body] run data modify entity @s {} merge value {transformation:[-0.9990049305677231f,-0.043124601597833524f,0.011376178550239256f,0f,-0.04311893812832757f,0.9990696699890443f,0.000742753436525318f,0.59453125f,-0.011397625895959553f,0.0002514856062403393f,-0.999935013327829f,0f,0f,0f,0f,1f],start_interpolation:0}