execute if entity @s[tag=aj.maze_npc.bone.bone3] run data modify entity @s {} merge value {transformation:[-0.9977668786231532f,0.006685654870113043f,0.06645718878772784f,-0.250246875f,4.336808689942018e-19f,0.994977815088504f,-0.10009569162409833f,0.1384475f,-0.06679263374512166f,-0.0998721657954023f,-0.9927559088601415f,0.040435624999999975f,0.0f,0.0f,0.0f,1.0f],start_interpolation:0}
execute if entity @s[tag=aj.maze_npc.bone.bone4] run data modify entity @s {} merge value {transformation:[-1.0f,8.17973851225846e-18f,1.2219120142010903e-16f,0.13926625f,0.0f,0.9977668786231532f,-0.06679263374512155f,0.123083125f,-1.2246467991473532e-16f,-0.06679263374512155f,-0.9977668786231532f,0.039830625000000015f,0.0f,0.0f,0.0f,1.0f],start_interpolation:0}
execute if entity @s[tag=aj.maze_npc.bone.bone2] run data modify entity @s {} merge value {transformation:[-0.9142166832364266f,-0.3874295227353003f,-0.11876961313940815f,0.35120128328804356f,0.05450845766084715f,0.1728571057510476f,-0.983437465746962f,0.9116068884694022f,0.4015428795728084f,-0.9055488865348291f,-0.13691066415699166f,-0.014474610739233135f,0.0f,0.0f,0.0f,1.0f],start_interpolation:0}
execute if entity @s[tag=aj.maze_npc.bone.bone] run data modify entity @s {} merge value {transformation:[-0.999999745209666f,0.000705127371361457f,0.00011124744204537489f,-0.37483014217900007f,0.0006901617630349184f,0.9151919756785861f,0.4030175819120885f,0.8437521539860382f,0.00018236596187142602f,0.4030175560058349f,-0.9151922291484668f,-0.011237921605663271f,0.0f,0.0f,0.0f,1.0f],start_interpolation:0}
execute if entity @s[tag=aj.maze_npc.bone.head] run data modify entity @s {} merge value {transformation:[-0.9848739145266701f,-0.04619049090103048f,0.16700242823155437f,0.0002549094970069837f,-0.05182690663172371f,0.9982188286065236f,-0.029548975691328538f,0.9683646127041604f,-0.1653400865909421f,-0.03775723461460006f,-0.985513595543135f,-0.016977184749259754f,0.0f,0.0f,0.0f,1.0f],start_interpolation:0}
execute if entity @s[tag=aj.maze_npc.bone.body] run data modify entity @s {} merge value {transformation:[-0.999999745209666f,0.000681177779058328f,-0.00021348872691999673f,0.0f,0.0006901617630349184f,0.998970155034082f,-0.04536687148044176f,0.59453125f,0.00018236596187142602f,-0.04536700726315758f,-0.9989703706289995f,0.0f,0.0f,0.0f,0.0f,1.0f],start_interpolation:0}
return 1