execute if entity @s[tag=aj.maze_npc.bone.bone3] run data modify entity @s {} merge value {transformation:[-0.9993777983010645f,0.0018655405735442804f,0.03522124389179476f,-0.250246875f,0.0f,0.9986002276600798f,-0.05289220469253296f,0.1384475f,-0.035270614722695576f,-0.052859295072912815f,-0.9979788969018724f,0.040435624999999975f,0.0f,0.0f,0.0f,1.0f],start_interpolation:0}
execute if entity @s[tag=aj.maze_npc.bone.bone4] run data modify entity @s {} merge value {transformation:[-1.0f,4.319404542410848e-18f,1.2238848218283278e-16f,0.13926625f,0.0f,0.9993777983010645f,-0.035270614722695444f,0.123083125f,-1.2246467991473532e-16f,-0.035270614722695444f,-0.9993777983010645f,0.039830625000000015f,0.0f,0.0f,0.0f,1.0f],start_interpolation:0}
execute if entity @s[tag=aj.maze_npc.bone.bone2] run data modify entity @s {} merge value {transformation:[-0.996118089596878f,-0.08579413176349544f,0.019700724169793595f,0.3520106560143088f,0.0026007169984090077f,-0.2523888604966304f,-0.9676223950324355f,0.9096695451048648f,0.08798856658089446f,-0.9638149355826359f,0.2516322358102775f,0.029413759718458207f,0.0f,0.0f,0.0f,1.0f],start_interpolation:0}
execute if entity @s[tag=aj.maze_npc.bone.bone] run data modify entity @s {} merge value {transformation:[-0.9999946232827326f,0.0032623124870448023f,0.0003327504509072599f,-0.3741917912134033f,0.0031704244794967936f,0.9358988739058448f,0.35225451910570504f,0.8438452531981815f,0.0008377435440007367f,0.3522536800929248f,-0.9359041847575775f,0.023622373914668652f,0.0f,0.0f,0.0f,1.0f],start_interpolation:0}
execute if entity @s[tag=aj.maze_npc.bone.head] run data modify entity @s {} merge value {transformation:[-0.9850379981921078f,-0.026985063476609436f,0.1702114815952451f,0.0012105524010679182f,-0.025936469229850562f,0.9996284558862872f,0.008381512171815778f,0.9671078018332269f,-0.17037441615915846f,0.0038414231165858487f,-0.9853719103906227f,0.03499886338882493f,0.0f,0.0f,0.0f,1.0f],start_interpolation:0}
execute if entity @s[tag=aj.maze_npc.bone.body] run data modify entity @s {} merge value {transformation:[-0.9999946232827326f,0.0032348790675718895f,-0.0005375528289318667f,0.0f,0.0031704244794967936f,0.9956116625188525f,0.09352735356603716f,0.59453125f,0.0008377435440007367f,0.0935251464252524f,-0.995616565336219f,0.0f,0.0f,0.0f,0.0f,1.0f],start_interpolation:0}
return 1