execute if entity @s[tag=aj.maze_npc.bone.bone3] run data modify entity @s {} merge value {transformation:[-0.9969608823569432f,0.0090919646868127f,0.07737141092289211f,-0.250246875f,0.0f,0.9931663163249741f,-0.1167076180781761f,0.1384475f,-0.07790378071740343f,-0.1163529298969956f,-0.9901479670505412f,0.040435624999999975f,0.0f,0.0f,0.0f,1.0f],start_interpolation:0}
execute if entity @s[tag=aj.maze_npc.bone.bone4] run data modify entity @s {} merge value {transformation:[-1.0f,9.540461569704525e-18f,1.2209249534535514e-16f,0.13926625f,0.0f,0.9969608823569432f,-0.07790378071740331f,0.123083125f,-1.2246467991473532e-16f,-0.07790378071740331f,-0.9969608823569432f,0.039830625000000015f,0.0f,0.0f,0.0f,1.0f],start_interpolation:0}
execute if entity @s[tag=aj.maze_npc.bone.bone2] run data modify entity @s {} merge value {transformation:[-0.9349210568881485f,-0.3539078519041469f,-0.025920064578228597f,0.350985f,0.023449413379919987f,0.01126830257737202f,-0.9996615178995147f,0.9120805812647559f,0.3540801355615488f,-0.9352124131541544f,-0.002236041837272308f,0.007795398534160517f,0.0f,0.0f,0.0f,1.0f],start_interpolation:0}
execute if entity @s[tag=aj.maze_npc.bone.bone] run data modify entity @s {} merge value {transformation:[-1.0f,-3.0054336957728258e-18f,1.2242779584276966e-16f,-0.375f,0.0f,0.9996988186962042f,0.024541228522912285f,0.8436749399719446f,-1.2246467991473532e-16f,0.024541228522912285f,-0.9996988186962042f,0.006116134295944501f,0.0f,0.0f,0.0f,1.0f],start_interpolation:0}
execute if entity @s[tag=aj.maze_npc.bone.head] run data modify entity @s {} merge value {transformation:[-0.9848077422371356f,-0.04173351628069703f,0.16855866767581057f,-1.1246896408399872e-18f,-0.040813553209782236f,0.9991269607979149f,0.00892020633809306f,0.9686372923089701f,-0.16878378092751634f,0.0019052101119501202f,-0.9856512595589991f,0.009183787861308582f,0.0f,0.0f,0.0f,1.0f],start_interpolation:0}
execute if entity @s[tag=aj.maze_npc.bone.body] run data modify entity @s {} merge value {transformation:[-1.0f,-3.0054336957728258e-18f,1.2242779584276966e-16f,0.0f,0.0f,0.9996988186962042f,0.024541228522912285f,0.59453125f,-1.2246467991473532e-16f,0.024541228522912285f,-0.9996988186962042f,0.0f,0.0f,0.0f,0.0f,1.0f],start_interpolation:0}
return 1