execute if entity @s[tag=aj.maze_npc.bone.bone3] run data modify entity @s {} merge value {transformation:[-0.9999931050912237f,2.0684595594537418e-05f,0.0037134003501168005f,-0.250246875f,0.0f,0.9999844864775377f,-0.005570170935904727f,0.1384475f,-0.003713457958930259f,-0.005570132530084255f,-0.9999775916757258f,0.040435624999999975f,0.0f,0.0f,0.0f,1.0f],start_interpolation:0}
execute if entity @s[tag=aj.maze_npc.bone.bone4] run data modify entity @s {} merge value {transformation:[-1.0f,4.547674403172055e-19f,1.22463835531939e-16f,0.13926625f,0.0f,0.9999931050912237f,-0.003713457958930137f,0.123083125f,-1.2246467991473532e-16f,-0.003713457958930137f,-0.9999931050912237f,0.039830625000000015f,0.0f,0.0f,0.0f,1.0f],start_interpolation:0}
execute if entity @s[tag=aj.maze_npc.bone.bone2] run data modify entity @s {} merge value {transformation:[-0.9762714594745808f,0.022901554341917936f,0.21533591484955789f,0.34013671382134836f,-0.054720657309223035f,0.9360309864195789f,-0.34763722776198236f,0.9237645669063177f,-0.2095225216510589f,-0.35117162651773853f,-0.9125671491182814f,0.0011203569423709364f,0.0f,0.0f,0.0f,1.0f],start_interpolation:0}
execute if entity @s[tag=aj.maze_npc.bone.bone] run data modify entity @s {} merge value {transformation:[-0.999397995341035f,-0.03336895598842211f,0.009495245366148305f,-0.3831198470933845f,-0.033541921944842394f,0.9992627174398488f,-0.018680498038726494f,0.8310271064956763f,-0.00886489597043942f,-0.018987741070793866f,-0.9997804155455646f,-0.004886509498676524f,0.0f,0.0f,0.0f,1.0f],start_interpolation:0}
execute if entity @s[tag=aj.maze_npc.bone.head] run data modify entity @s {} merge value {transformation:[-0.9811885379086459f,-0.07833488284569287f,0.17644460662271774f,-0.012531479136670074f,-0.07895063863848303f,0.9968722452177095f,0.0035388378288049357f,0.9685327640776529f,-0.1761699456072735f,-0.010458147262038557f,-0.9843042097952116f,-0.0023457088124635575f,0.0f,0.0f,0.0f,1.0f],start_interpolation:0}
execute if entity @s[tag=aj.maze_npc.bone.body] run data modify entity @s {} merge value {transformation:[-0.999397995341035f,-0.033487042369389756f,0.009070000092133835f,0.0f,-0.033541921944842394f,0.9994194948212856f,-0.005967649739430658f,0.59453125f,-0.00886489597043942f,-0.006268282421614516f,-0.9999410593904604f,0.0f,0.0f,0.0f,0.0f,1.0f],start_interpolation:0}
return 1