execute if entity @s[tag=aj.maze_npc.bone.bone3] run data modify entity @s {} merge value {transformation:[-0.9999724204599745f,8.273652834964594e-05f,0.007426403846197483f,-0.250246875f,0.0f,0.9999379463914896f,-0.011140169045865572f,0.1384475f,-0.007426864709952653f,-0.011139861805127481f,-0.9999103685628741f,0.040435624999999975f,0.0f,0.0f,0.0f,1.0f],start_interpolation:0}
execute if entity @s[tag=aj.maze_npc.bone.bone4] run data modify entity @s {} merge value {transformation:[-1.0f,9.095286094743803e-19f,1.224613023951939e-16f,0.13926625f,0.0f,0.9999724204599745f,-0.007426864709952532f,0.123083125f,-1.2246467991473532e-16f,-0.007426864709952532f,-0.9999724204599745f,0.039830625000000015f,0.0f,0.0f,0.0f,1.0f],start_interpolation:0}
execute if entity @s[tag=aj.maze_npc.bone.bone2] run data modify entity @s {} merge value {transformation:[-0.8738445948518282f,0.31120842293207956f,0.3735571462900584f,0.3387888283392557f,-0.06944309872182766f,0.6805477150403739f,-0.7294055549509041f,0.9250261619609917f,-0.4812206147788712f,-0.6633280674368105f,-0.5730816650900564f,0.009168381013607394f,0.0f,0.0f,0.0f,1.0f],start_interpolation:0}
execute if entity @s[tag=aj.maze_npc.bone.bone] run data modify entity @s {} merge value {transformation:[-0.999251655401388f,-0.03727023386272186f,0.010346924441768964f,-0.38408219853982f,-0.03739568250755164f,0.9992259679392471f,-0.012207699442110784f,0.829510535851628f,-0.00988393177738756f,-0.012585494177525816f,-0.9998719484158596f,0.0007650732250390467f,0.0f,0.0f,0.0f,1.0f],start_interpolation:0}
execute if entity @s[tag=aj.maze_npc.bone.head] run data modify entity @s {} merge value {transformation:[-0.98083843404799f,-0.06536192995298644f,0.18353142621117413f,-0.014058916925076628f,-0.07866250191688119f,0.9947046102820346f,-0.06614339782504575f,0.968425536499526f,-0.1782362956483988f,-0.07931302791147551f,-0.9807860452295649f,0.006714330157702017f,0.0f,0.0f,0.0f,1.0f],start_interpolation:0}
execute if entity @s[tag=aj.maze_npc.bone.body] run data modify entity @s {} merge value {transformation:[-0.999251655401388f,-0.03756871328621729f,0.009204398926798859f,0.0f,-0.03739568250755164f,0.9991329576605289f,0.018300159734771757f,0.59453125f,-0.00988393177738756f,0.017942260129141088f,-0.9997901695826371f,0.0f,0.0f,0.0f,0.0f,1.0f],start_interpolation:0}
return 1