execute if entity @s[tag=aj.maze_npc.bone.bone3] run data modify entity @s {} merge value {transformation:[-0.9994415637302546f,0.0016744512895527364f,0.03337299658859455f,-0.250246875f,1.0842021724855044e-19f,0.9987436645827857f,-0.05011080178711934f,0.1384475f,-0.03341497700767469f,-0.05008281809789539f,-0.9981859298963043f,0.040435624999999975f,0f,0f,0f,1f],start_interpolation:0}
execute if entity @s[tag=aj.maze_npc.bone.bone4] run data modify entity @s {} merge value {transformation:[-1f,4.092154463603107e-18f,1.2239629119570818e-16f,0.13926625f,0f,0.9994415637302546f,-0.033414977007674575f,0.123083125f,-1.2246467991473532e-16f,-0.033414977007674575f,-0.9994415637302546f,0.039830625000000015f,0f,0f,0f,1f],start_interpolation:0}
execute if entity @s[tag=aj.maze_npc.bone.bone2] run data modify entity @s {} merge value {transformation:[-0.9840927847447212f,-0.1731136218048339f,0.03991321784813612f,0.35198974021701646f,0.0029103394461935904f,-0.2403457613684704f,-0.9706829785859635f,0.9096961969649531f,0.17763141877969607f,-0.9551259544886334f,0.23702634900890038f,0.029378482543106148f,0f,0f,0f,1f],start_interpolation:0}
execute if entity @s[tag=aj.maze_npc.bone.bone] run data modify entity @s {} merge value {transformation:[-0.9999948405009821f,0.0032112218905703976f,0.00008381756924873845f,-0.37420834265837977f,0.0031057221933250777f,0.9598172747048441f,0.280608541687212f,0.8438240829230822f,0.0008206467408583025f,0.2806073542018018f,-0.959822295691651f,0.023583576692591517f,0f,0f,0f,1f],start_interpolation:0}
execute if entity @s[tag=aj.maze_npc.bone.head] run data modify entity @s {} merge value {transformation:[-0.9850334712665797f,-0.031315503260541444f,0.1694945419181734f,0.0011858216038400943f,-0.026022557842481996f,0.9991045608966732f,0.03336019902219595f,0.9671124463046405f,-0.1703874612987913f,0.028450231123927f,-0.9849663432732857f,0.03495023374584534f,0f,0f,0f,1f],start_interpolation:0}
execute if entity @s[tag=aj.maze_npc.bone.body] run data modify entity @s {} merge value {transformation:[-0.9999948405009821f,0.0031687925948127777f,-0.0005269961161649965f,0f,0.0031057221933250777f,0.9956240736324425f,0.0933973152354955f,0.59453125f,0.0008206467408583025f,0.0933951966486055f,-0.9956287781005002f,0f,0f,0f,0f,1f],start_interpolation:0}