execute if entity @s[tag=aj.maze_npc.bone.bone3] run data modify entity @s {} merge value {transformation:[-0.9989228626920523f,0.003228221813449444f,0.046289231739556236f,-0.250246875f,2.168404344971009e-19f,0.9975769849808453f,-0.0695712515089836f,0.1384475f,-0.04640166366753644f,-0.06949631371842266f,-0.9965024575927726f,0.040435624999999975f,0.0f,0.0f,0.0f,1.0f],start_interpolation:0}
execute if entity @s[tag=aj.maze_npc.bone.bone4] run data modify entity @s {} merge value {transformation:[-1.0f,5.682564888556038e-18f,1.2233276863909328e-16f,0.13926625f,0.0f,0.9989228626920523f,-0.046401663667536314f,0.123083125f,-1.2246467991473532e-16f,-0.046401663667536314f,-0.9989228626920523f,0.039830625000000015f,0.0f,0.0f,0.0f,1.0f],start_interpolation:0}
execute if entity @s[tag=aj.maze_npc.bone.bone2] run data modify entity @s {} merge value {transformation:[-0.7995808728638248f,0.60046855912037f,-0.01038928574208865f,0.33878882833925567f,-0.07264647496861318f,-0.11387906831917151f,-0.9908350253565892f,0.9250261619609917f,-0.596148402182677f,-0.7914979894520673f,0.1346774489971395f,0.009168381013607365f,0.0f,0.0f,0.0f,1.0f],start_interpolation:0}
execute if entity @s[tag=aj.maze_npc.bone.bone] run data modify entity @s {} merge value {transformation:[-0.999251655401388f,-0.03766741602359871f,-0.00879175452857952f,-0.38408219853982f,-0.03739568250755169f,0.8827095487930566f,0.46842866628693075f,0.829510535851628f,-0.009883931777387571f,0.46840689388571505f,-0.8834575766005726f,0.0007650732250390159f,0.0f,0.0f,0.0f,1.0f],start_interpolation:0}
execute if entity @s[tag=aj.maze_npc.bone.head] run data modify entity @s {} merge value {transformation:[-0.98083843404799f,-0.07968767897684352f,0.1777803141902115f,-0.014058916925076647f,-0.07866250191688126f,0.9968188813945029f,0.012819067344724388f,0.968425536499526f,-0.17823629564839888f,-0.001411210365416065f,-0.9839867028567212f,0.006714330157701978f,0.0f,0.0f,0.0f,1.0f],start_interpolation:0}
execute if entity @s[tag=aj.maze_npc.bone.body] run data modify entity @s {} merge value {transformation:[-0.999251655401388f,-0.03756871328621734f,0.009204398926798871f,0.0f,-0.03739568250755169f,0.9991329576605289f,0.018300159734771653f,0.59453125f,-0.009883931777387571f,0.017942260129140984f,-0.9997901695826371f,0.0f,0.0f,0.0f,0.0f,1.0f],start_interpolation:0}
return 1