execute if entity @s[tag=aj.maze_npc.bone.bone3] run data modify entity @s {} merge value {transformation:[-0.9973793533570499f,0.007843060823125839f,0.07192295804538176f,-0.250246875f,0.0f,0.9941067653142656f,-0.10840543877687898f,0.1384475f,-0.07234932962421281f,-0.10812134642767084f,-0.9915015627570108f,0.040435624999999975f,0.0f,0.0f,0.0f,1.0f],start_interpolation:0}
execute if entity @s[tag=aj.maze_npc.bone.bone4] run data modify entity @s {} merge value {transformation:[-1.0f,8.860237494474884e-18f,1.2214374326243682e-16f,0.13926625f,0.0f,0.9973793533570499f,-0.07234932962421269f,0.123083125f,-1.2246467991473532e-16f,-0.07234932962421269f,-0.9973793533570499f,0.039830625000000015f,0.0f,0.0f,0.0f,1.0f],start_interpolation:0}
execute if entity @s[tag=aj.maze_npc.bone.bone2] run data modify entity @s {} merge value {transformation:[-0.8789824644630031f,-0.4613567424292833f,-0.12058102413558079f,0.350985f,0.053533723509324685f,0.1557977728789154f,-0.9863372620017948f,0.9120759343048939f,0.4738396011455488f,-0.8734283085525737f,-0.1122453660745843f,-0.007982449167098877f,0.0f,0.0f,0.0f,1.0f],start_interpolation:0}
execute if entity @s[tag=aj.maze_npc.bone.bone] run data modify entity @s {} merge value {transformation:[-1.0f,-3.763206680535334e-17f,1.1653937263678743e-16f,-0.375f,0.0f,0.9516161943013012f,0.3072891451768318f,0.8436712940479474f,-1.2246467991473532e-16f,0.3072891451768318f,-0.9516161943013012f,-0.006262890973769298f,0.0f,0.0f,0.0f,1.0f],start_interpolation:0}
execute if entity @s[tag=aj.maze_npc.bone.head] run data modify entity @s {} merge value {transformation:[-0.9848077422371356f,-0.0509436553867625f,0.16600739382819776f,1.1516765752804199e-18f,-0.04914433302867906f,0.998680075407081f,0.014931226207949712f,0.9686318177083599f,-0.16654892782891714f,0.006546064523166875f,-0.9860114622448851f,-0.009404152904186431f,0.0f,0.0f,0.0f,1.0f],start_interpolation:0}
execute if entity @s[tag=aj.maze_npc.bone.body] run data modify entity @s {} merge value {transformation:[-1.0f,3.0775490946950676e-18f,1.22426004256401e-16f,0.0f,0.0f,0.9996841892832999f,-0.025130095443337434f,0.59453125f,-1.2246467991473532e-16f,-0.025130095443337434f,-0.9996841892832999f,0.0f,0.0f,0.0f,0.0f,1.0f],start_interpolation:0}
return 1