execute if entity @s[tag=aj.maze_npc.bone.bone3] run data modify entity @s {} merge value {transformation:[-0.9995769500822006f,0.0012686576132676303f,0.0290570365355141f,-0.250246875f,0f,0.9990482215818578f,-0.043619387365336f,0.1384475f,-0.029084718743111533f,-0.04360093418709663f,-0.9986255743138399f,0.040435624999999975f,0f,0f,0f,1f],start_interpolation:0}
execute if entity @s[tag=aj.maze_npc.bone.bone4] run data modify entity @s {} merge value {transformation:[-1f,3.5618507712852414e-18f,1.2241287124196407e-16f,0.13926625f,0f,0.9995769500822006f,-0.029084718743111408f,0.123083125f,-1.2246467991473532e-16f,-0.029084718743111408f,-0.9995769500822006f,0.039830625000000015f,0f,0f,0f,1f],start_interpolation:0}
execute if entity @s[tag=aj.maze_npc.bone.bone2] run data modify entity @s {} merge value {transformation:[-0.9999360693258148f,-0.004672017628065449f,-0.01029706329602702f,0.350985f,0.0005158438579368461f,0.8908520102110915f,-0.45429333013810785f,0.9120265256856037f,0.011295625983254313f,-0.45426959853609034f,-0.8907926474098817f,0.00975171484009557f,0f,0f,0f,1f],start_interpolation:0}
execute if entity @s[tag=aj.maze_npc.bone.bone] run data modify entity @s {} merge value {transformation:[-1f,-2.1460642474709147e-17f,1.205696423283709e-16f,-0.375f,0f,0.9845258437968905f,0.17523944446391304f,0.8436325289034032f,-1.2246467991473532e-16f,0.17523944446391304f,-0.9845258437968905f,0.0076510260914072065f,0f,0f,0f,1f],start_interpolation:0}
execute if entity @s[tag=aj.maze_npc.bone.head] run data modify entity @s {} merge value {transformation:[-0.9848077422371356f,-0.005611443589320215f,0.1735575481811132f,-1.4069393133679176e-18f,-0.039772878929103174f,0.9801970435052079f,-0.19398936570168115f,0.968573609231129f,-0.16903203522257687f,-0.1979451126057261f,-0.9655288206283748f,0.011488531341015904f,0f,0f,0f,1f],start_interpolation:0}
execute if entity @s[tag=aj.maze_npc.bone.body] run data modify entity @s {} merge value {transformation:[-1f,-3.7596708165155206e-18f,1.2240695528428938e-16f,0f,0f,0.9995286426218063f,0.03070004199686922f,0.59453125f,-1.2246467991473532e-16f,0.03070004199686922f,-0.9995286426218063f,0f,0f,0f,0f,1f],start_interpolation:0}