execute if entity @s[tag=aj.maze_npc.bone.bone3] run data modify entity @s {} merge value {transformation:[-0.9968145174102786f,0.00952855583167658f,0.07918348630791641f,-0.250246875f,0f,0.9928374224887676f,-0.11947322924346021f,0.1384475f,-0.07975473578486336f,-0.11909264935176739f,-0.9896747561650058f,0.040435624999999975f,0f,0f,0f,1f],start_interpolation:0}
execute if entity @s[tag=aj.maze_npc.bone.bone4] run data modify entity @s {} merge value {transformation:[-1f,9.767138189577564e-18f,1.2207457080901112e-16f,0.13926625f,0f,0.9968145174102786f,-0.07975473578486324f,0.123083125f,-1.2246467991473532e-16f,-0.07975473578486324f,-0.9968145174102786f,0.039830625000000015f,0f,0f,0f,1f],start_interpolation:0}
execute if entity @s[tag=aj.maze_npc.bone.bone2] run data modify entity @s {} merge value {transformation:[-0.9559806841948204f,-0.29339709015528004f,-0.004367944003481843f,0.350985f,0.014445929938021407f,-0.03219120468744978f,-0.9993773268635812f,0.9118929589002481f,0.29307379028945735f,-0.9554485197168845f,0.03501256369056638f,0.013412372978491746f,0f,0f,0f,1f],start_interpolation:0}
execute if entity @s[tag=aj.maze_npc.bone.bone] run data modify entity @s {} merge value {transformation:[-1f,-1.0716085054879359e-17f,1.2199493164765155e-16f,-0.375f,0f,0.996164214307253f,0.08750347498021727f,0.8435277347234609f,-1.2246467991473532e-16f,0.08750347498021727f,-0.996164214307253f,0.010523114886849988f,0f,0f,0f,1f],start_interpolation:0}
execute if entity @s[tag=aj.maze_npc.bone.head] run data modify entity @s {} merge value {transformation:[-0.9848077422371356f,-0.03764348571604708f,0.16951896298922225f,-1.935084765953706e-18f,-0.03782098290434244f,0.9992821461405931f,0.002183038433010237f,0.9684162537070149f,-0.1694794503234684f,-0.004261500650747527f,-0.9855245078283233f,0.015801166240756004f,0f,0f,0f,1f],start_interpolation:0}
execute if entity @s[tag=aj.maze_npc.bone.body] run data modify entity @s {} merge value {transformation:[-1f,-5.170998957037042e-18f,1.2235546001877031e-16f,0f,0f,0.9991081518684322f,0.042224410831247776f,0.59453125f,-1.2246467991473532e-16f,0.042224410831247776f,-0.9991081518684322f,0f,0f,0f,0f,1f],start_interpolation:0}