execute if entity @s[tag=aj.maze_npc.bone.bone3] run data modify entity @s {} merge value {transformation:[-0.99666471598807f,0.009975275784893621f,0.08099344280517383f,-0.250246875f,0.0f,0.9925008274347993f,-0.12223791368163445f,0.1384475f,-0.08160541590127245f,-0.12183021552248041f,-0.9891905552932287f,0.040435624999999975f,0.0f,0.0f,0.0f,1.0f],start_interpolation:0}
execute if entity @s[tag=aj.maze_npc.bone.bone4] run data modify entity @s {} merge value {transformation:[-1.0f,9.99378113765817e-18f,1.220562254257896e-16f,0.13926625f,0.0f,0.99666471598807f,-0.08160541590127234f,0.123083125f,-1.2246467991473532e-16f,-0.08160541590127234f,-0.99666471598807f,0.039830625000000015f,0.0f,0.0f,0.0f,1.0f],start_interpolation:0}
execute if entity @s[tag=aj.maze_npc.bone.bone2] run data modify entity @s {} merge value {transformation:[-0.9731728645976898f,-0.22997744987827895f,0.0067043387600932485f,0.350985f,0.00762707504165187f,-0.06137109660023577f,-0.9980858761791964f,0.9116322434464241f,0.2299486971849056f,-0.9712589567409757f,0.06147874115006254f,0.018582410508082882f,0.0f,0.0f,0.0f,1.0f],start_interpolation:0}
execute if entity @s[tag=aj.maze_npc.bone.bone] run data modify entity @s {} merge value {transformation:[-1.0f,-2.5783192393855186e-17f,1.1971977621345616e-16f,-0.375f,0.0f,0.9775861603264691f,0.21053574313676765f,0.8433231819066127f,-1.2246467991473532e-16f,0.21053574313676765f,-0.9775861603264691f,0.014579436537050025f,0.0f,0.0f,0.0f,1.0f],start_interpolation:0}
execute if entity @s[tag=aj.maze_npc.bone.head] run data modify entity @s {} merge value {transformation:[-0.9848077422371356f,-0.03344220511650328f,0.17039756379344534f,-2.6809975793659228e-18f,-0.035054074171742416f,0.9993645457750219f,-0.006458833628932757f,0.9681091038660423f,-0.17007328630257468f,-0.012333838203494221f,-0.9853542275351602f,0.02189200658698114f,0.0f,0.0f,0.0f,1.0f],start_interpolation:0}
execute if entity @s[tag=aj.maze_npc.bone.body] run data modify entity @s {} merge value {transformation:[-1.0f,-7.164252404151108e-18f,1.2225494392501349e-16f,0.0f,0.0f,0.9982873756754367f,0.05850056039944855f,0.59453125f,-1.2246467991473532e-16f,0.05850056039944855f,-0.9982873756754367f,0.0f,0.0f,0.0f,0.0f,1.0f],start_interpolation:0}
return 1