execute if entity @s[tag=aj.maze_npc.bone.bone3] run data modify entity @s {} merge value {transformation:[-0.999612186004858f,0.0011630284099614823f,0.027823101112327327f,-0.250246875f,0f,0.9991274890139775f,-0.041764347194996596f,0.1384475f,-0.027847398273252884f,-0.0417481503966564f,-0.9987400133908069f,0.040435624999999975f,0f,0f,0f,1f],start_interpolation:0}
execute if entity @s[tag=aj.maze_npc.bone.bone4] run data modify entity @s {} merge value {transformation:[-1f,3.4103227159920526e-18f,1.224171863979538e-16f,0.13926625f,0f,0.999612186004858f,-0.027847398273252763f,0.123083125f,-1.2246467991473532e-16f,-0.027847398273252763f,-0.999612186004858f,0.039830625000000015f,0f,0f,0f,1f],start_interpolation:0}
execute if entity @s[tag=aj.maze_npc.bone.bone2] run data modify entity @s {} merge value {transformation:[-0.9036437363099922f,-0.4250610734192722f,0.05245075491709698f,0.3514247592700314f,0.001056001705477802f,-0.12467788528615212f,-0.992196709216963f,0.9104132348406229f,0.42828364746755776f,-0.8965369533846494f,0.11311325531367007f,0.028425806499534006f,0f,0f,0f,1f],start_interpolation:0}
execute if entity @s[tag=aj.maze_npc.bone.bone] run data modify entity @s {} merge value {transformation:[-0.9999990124387869f,0.0013890671993963702f,-0.0002135737964982537f,-0.3746543302278311f,0.0013587555957688695f,0.9944102435529117f,0.10557661341542329f,0.8432504719547383f,0.00035903298171106375f,0.10557621895746377f,-0.9944111489147555f,0.022535900765831427f,0f,0f,0f,1f],start_interpolation:0}
execute if entity @s[tag=aj.maze_npc.bone.head] run data modify entity @s {} merge value {transformation:[-0.9849085317423383f,-0.0458545864361723f,0.16689080563026615f,0.0005184903767586257f,-0.028346579721880816f,0.9939815440789226f,0.10581664069772781f,0.9672348263085571f,-0.17073855897020662f,0.09948892869685838f,-0.9802807238477808f,0.03363700679465016f,0f,0f,0f,1f],start_interpolation:0}
execute if entity @s[tag=aj.maze_npc.bone.body] run data modify entity @s {} merge value {transformation:[-0.9999990124387869f,0.0013855275203570792f,-0.00023544625994633298f,0f,0.0013587555957688695f,0.9959511016178558f,0.08988635585788493f,0.59453125f,0.00035903298171106375f,0.0898859471756831f,-0.9959520006484491f,0f,0f,0f,0f,1f],start_interpolation:0}