execute if entity @s[tag=aj.maze_npc.bone.bone3] run data modify entity @s {} merge value {transformation:[-0.9997087039127772f,0.0008736549248315376f,0.024119370806626298f,-0.250246875f,0.0f,0.9993446235801366f,-0.03619838838228914f,0.1384475f,-0.024135188440018846f,-0.03618784393338961f,-0.9990535184015006f,0.040435624999999975f,0.0f,0.0f,0.0f,1.0f],start_interpolation:0}
execute if entity @s[tag=aj.maze_npc.bone.bone4] run data modify entity @s {} merge value {transformation:[-1.0f,2.9557081269887138e-18f,1.2242900643265318e-16f,0.13926625f,0.0f,0.9997087039127772f,-0.024135188440018728f,0.123083125f,-1.2246467991473532e-16f,-0.024135188440018728f,-0.9997087039127772f,0.039830625000000015f,0.0f,0.0f,0.0f,1.0f],start_interpolation:0}
execute if entity @s[tag=aj.maze_npc.bone.bone2] run data modify entity @s {} merge value {transformation:[-0.8728534464303707f,-0.48770600306148315f,0.016423021415586086f,0.35104783994122124f,-0.00016658672012724585f,-0.03335713690883349f,-0.9994434819768999f,0.9108885149987176f,0.48798241085462174f,-0.8723704236131791f,0.029034646570488765f,0.027790487673552546f,0.0f,0.0f,0.0f,1.0f],start_interpolation:0}
execute if entity @s[tag=aj.maze_npc.bone.bone] run data modify entity @s {} merge value {transformation:[-0.9999999798456854f,0.00020043769374993137f,-1.154814042499534e-05f,-0.37495068376565266f,0.0001941080130167743f,0.9799110534516915f,0.19943492584117573f,0.8428659088196803f,5.129042703805911e-05f,0.19943491958011492f,-0.9799110726088185f,0.02183729205155794f,0.0f,0.0f,0.0f,1.0f],start_interpolation:0}
execute if entity @s[tag=aj.maze_npc.bone.head] run data modify entity @s {} merge value {transformation:[-0.9848223342437354f,-0.051826717361645236f,0.16564709880416387f,7.404030104589254e-05f,-0.029895524548406445f,0.9907658363960771f,0.1322471740429923f,0.9673131776576449f,-0.17097142330429346f,0.12528786372948503f,-0.9772777105896798f,0.03276128479542176f,0.0f,0.0f,0.0f,1.0f],start_interpolation:0}
execute if entity @s[tag=aj.maze_npc.bone.body] run data modify entity @s {} merge value {transformation:[-0.9999999798456854f,0.00019785299653182135f,-3.410015229358627e-05f,0.0f,0.0001941080130167743f,0.9961604747427671f,0.08754582161556357f,0.59453125f,5.129042703805911e-05f,0.08754581323202473f,-0.9961604930706877f,0.0f,0.0f,0.0f,0.0f,1.0f],start_interpolation:0}
return 1