execute if entity @s[tag=aj.maze_npc.bone.bone3] run data modify entity @s {} merge value {transformation:[-0.9997914360200637f,0.0006255723214267429f,0.02041306248972623f,-0.250246875f,0.0f,0.9995307514357648f,-0.03063130644055917f,0.1384475f,-0.020422645786939638f,-0.03062491785337728f,-0.9993222853241767f,0.040435624999999975f,0.0f,0.0f,0.0f,1.0f],start_interpolation:0}
execute if entity @s[tag=aj.maze_npc.bone.bone4] run data modify entity @s {} merge value {transformation:[-1.0f,2.5010527793095658e-18f,1.2243913819369069e-16f,0.13926625f,0.0f,0.9997914360200637f,-0.020422645786939517f,0.123083125f,-1.2246467991473532e-16f,-0.020422645786939517f,-0.9997914360200637f,0.039830625000000015f,0.0f,0.0f,0.0f,1.0f],start_interpolation:0}
execute if entity @s[tag=aj.maze_npc.bone.bone2] run data modify entity @s {} merge value {transformation:[-0.9507810056578302f,-0.3098395535289924f,-0.0038639810092339667f,0.35120840503579037f,0.0004331073664587577f,0.011141090723910743f,-0.9999378423259568f,0.9106863493183577f,0.30986334358599793f,-0.950723580840633f,-0.010458543649551275f,0.02806110577321641f,0.0f,0.0f,0.0f,1.0f],start_interpolation:0}
execute if entity @s[tag=aj.maze_npc.bone.bone] run data modify entity @s {} merge value {transformation:[-0.999999745209666f,0.0006886193671770578f,0.0001881062740937408f,-0.3748245545794116f,0.000690161763034921f,0.865328175831747f,0.5012052192350376f,0.8430299149564631f,0.00018236596187142673f,0.5012052213565501f,-0.8653284306132485f,0.022134862790713295f,0.0f,0.0f,0.0f,1.0f],start_interpolation:0}
execute if entity @s[tag=aj.maze_npc.bone.head] run data modify entity @s {} merge value {transformation:[-0.9848593319227232f,-0.04616879820760494f,0.1670943996571778f,0.00026329965438275267f,-0.029235828686007482f,0.9943120164469137f,0.10241523456163712f,0.9672801221237013f,-0.17087235775797568f,0.09597945624631442f,-0.9806072513156795f,0.03313430028479785f,0.0f,0.0f,0.0f,1.0f],start_interpolation:0}
execute if entity @s[tag=aj.maze_npc.bone.body] run data modify entity @s {} merge value {transformation:[-0.999999745209666f,0.0007035982413568338f,-0.00012054093895574083f,0.0f,0.000690161763034921f,0.9960721426270095f,0.08854270359086266f,0.59453125f,0.00018236596187142673f,0.08854259783829069f,-0.9960723744340583f,0.0f,0.0f,0.0f,0.0f,1.0f],start_interpolation:0}
return 1