execute if entity @s[tag=aj.maze_npc.bone.bone3] run data modify entity @s {} merge value {transformation:[-0.9976411427113094f,0.007061275628184524f,0.06828095456403234f,-0.250246875f,4.336808689942018e-19f,0.994695180041001f,-0.10286641241532968f,0.1384475f,-0.0686451044843887f,-0.10262376522864233f,-0.9923488360655359f,0.040435624999999975f,0f,0f,0f,1f],start_interpolation:0}
execute if entity @s[tag=aj.maze_npc.bone.bone4] run data modify entity @s {} merge value {transformation:[-1f,8.40660074839421e-18f,1.2217580321191128e-16f,0.13926625f,0f,0.9976411427113094f,-0.06864510448438858f,0.123083125f,-1.2246467991473532e-16f,-0.06864510448438858f,-0.9976411427113094f,0.039830625000000015f,0f,0f,0f,1f],start_interpolation:0}
execute if entity @s[tag=aj.maze_npc.bone.bone2] run data modify entity @s {} merge value {transformation:[-0.8870108367927194f,-0.44037747326030985f,-0.1388504823799501f,0.350985f,0.06027026650282588f,0.1877136751475924f,-0.9803729245232461f,0.9118739223443693f,0.4577982856979241f,-0.8779699637273757f,-0.13996239639486263f,-0.013855480299662113f,0f,0f,0f,1f],start_interpolation:0}
execute if entity @s[tag=aj.maze_npc.bone.bone] run data modify entity @s {} merge value {transformation:[-1f,-4.8307657204375916e-17f,1.1253429735881896e-16f,-0.375f,0f,0.9189122728052668f,0.3944619561983878f,0.8435127989723537f,-1.2246467991473532e-16f,0.3944619561983878f,-0.9189122728052668f,-0.010870769194954878f,0f,0f,0f,1f],start_interpolation:0}
execute if entity @s[tag=aj.maze_npc.bone.head] run data modify entity @s {} merge value {transformation:[-0.9848077422371356f,-0.05221698595607686f,0.16561128345453527f,1.999014558858699e-18f,-0.05221698401947568f,0.9986262581190153f,0.004356968570416654f,0.9683938266700858f,-0.1656112840651427f,-0.004356945360760138f,-0.9861814841181201f,-0.01632319261562183f,0f,0f,0f,1f],start_interpolation:0}
execute if entity @s[tag=aj.maze_npc.bone.body] run data modify entity @s {} merge value {transformation:[-1f,5.341834311772723e-18f,1.223481206754078e-16f,0f,0f,0.9990482215818578f,-0.043619387365336f,0.59453125f,-1.2246467991473532e-16f,-0.043619387365336f,-0.9990482215818578f,0f,0f,0f,0f,1f],start_interpolation:0}