execute if entity @s[tag=aj.maze_npc.bone.bone3] run data modify entity @s {} merge value {transformation:[-0.9995018836272705f,0.0014936668386180683f,0.03152385739266874f,-0.250246875f,-1.0842021724855044e-19f,0.9988793544743314f,-0.04732901018342739f,0.1384475f,-0.031559224095945436f,-0.047305434828549944f,-0.9983817963134863f,0.040435624999999975f,0.0f,0.0f,0.0f,1.0f],start_interpolation:0}
execute if entity @s[tag=aj.maze_npc.bone.bone4] run data modify entity @s {} merge value {transformation:[-1.0f,3.8648902772673445e-18f,1.2240367825258872e-16f,0.13926625f,0.0f,0.9995018836272705f,-0.03155922409594531f,0.123083125f,-1.2246467991473532e-16f,-0.03155922409594531f,-0.9995018836272705f,0.039830625000000015f,0.0f,0.0f,0.0f,1.0f],start_interpolation:0}
execute if entity @s[tag=aj.maze_npc.bone.bone2] run data modify entity @s {} merge value {transformation:[-0.962510824653521f,-0.265619403459113f,0.054947656281445593f,0.3518572576843689f,0.0026614794336131363f,-0.2118157622832238f,-0.9773059906577883f,0.9098648346556644f,0.27123021393647023f,-0.9405213529497359f,0.2045819046093148f,0.029155048500123678f,0.0f,0.0f,0.0f,1.0f],start_interpolation:0}
execute if entity @s[tag=aj.maze_npc.bone.bone] run data modify entity @s {} merge value {transformation:[-0.9999961122109658f,0.0027854238987194907f,-0.00013029450398058457f,-0.37431311324306643f,0.002695940695919106f,0.9776946051960743f,0.21001426350192554f,0.8436898807739197f,0.0007123669822587519f,0.21001309574451918f,-0.9776983134633536f,0.023337851587311928f,0.0f,0.0f,0.0f,1.0f],start_interpolation:0}
execute if entity @s[tag=aj.maze_npc.bone.head] run data modify entity @s {} merge value {transformation:[-0.9850046340488556f,-0.036241520796025f,0.16867846060677433f,0.0010292175939370565f,-0.026567763104605957f,0.997889058853868f,0.05925858742291456f,0.9671416756840221f,-0.17047001163224393f,0.0538885738365097f,-0.9838882033767706f,0.03464223194712911f,0.0f,0.0f,0.0f,1.0f],start_interpolation:0}
execute if entity @s[tag=aj.maze_npc.bone.body] run data modify entity @s {} merge value {transformation:[-0.9999961122109658f,0.0027503100631303384f,-0.00045973634832284976f,0.0f,0.002695940695919106f,0.9957021813685767f,0.09257374315442798f,0.59453125f,0.0007123669822587519f,0.09257214382531367f,-0.9957057249613803f,0.0f,0.0f,0.0f,0.0f,1.0f],start_interpolation:0}
return 1