execute if entity @s[tag=aj.maze_npc.bone.bone3] run data modify entity @s {} merge value {transformation:[-0.9961946980917455f,0.011376107230962213f,0.08641011328638355f,-0.250246875f,0.0f,0.9914448613738104f,-0.1305261922200516f,0.1384475f,-0.08715574274765829f,-0.13002950065171945f,-0.9876721143508955f,0.040435624999999975f,0.0f,0.0f,0.0f,1.0f],start_interpolation:0}
execute if entity @s[tag=aj.maze_npc.bone.bone4] run data modify entity @s {} merge value {transformation:[-1.0f,1.0673500138322974e-17f,1.2199866483456202e-16f,0.13926625f,0.0f,0.9961946980917455f,-0.08715574274765818f,0.123083125f,-1.2246467991473532e-16f,-0.08715574274765818f,-0.9961946980917455f,0.039830625000000015f,0.0f,0.0f,0.0f,1.0f],start_interpolation:0}
execute if entity @s[tag=aj.maze_npc.bone.bone2] run data modify entity @s {} merge value {transformation:[-0.9961946909819802f,-0.08715582401260911f,1.6001337824200807e-09f,0.350985f,-4.402469228580175e-09f,3.196094690294249e-08f,-0.9999999999999996f,0.9109675148753525f,0.08715582401260902f,-0.99619469098198f,-3.2223026455446835e-08f,0.02768458590507993f,0.0f,0.0f,0.0f,1.0f],start_interpolation:0}
execute if entity @s[tag=aj.maze_npc.bone.bone] run data modify entity @s {} merge value {transformation:[-1.0f,-6.123233995736767e-17f,1.060575238724907e-16f,-0.375f,0.0f,0.8660254037844386f,0.5f,0.8428016474150521f,-1.2246467991473532e-16f,0.5f,-0.8660254037844386f,0.021720845262892897f,0.0f,0.0f,0.0f,1.0f],start_interpolation:0}
execute if entity @s[tag=aj.maze_npc.bone.head] run data modify entity @s {} merge value {transformation:[-0.9848077422371356f,-0.022665595035512583f,0.1721626603868612f,-3.994223879888051e-18f,-0.030153650184851177f,0.998703881222337f,-0.041003841429429144f,0.9673259846765204f,-0.17101014066518158f,-0.0455722331373644f,-0.9842147648539664f,0.03261531310635021f,0.0f,0.0f,0.0f,1.0f],start_interpolation:0}
execute if entity @s[tag=aj.maze_npc.bone.body] run data modify entity @s {} merge value {transformation:[-1.0f,-1.0673500138322974e-17f,1.2199866483456202e-16f,0.0f,0.0f,0.9961946980917455f,0.08715574274765818f,0.59453125f,-1.2246467991473532e-16f,0.08715574274765818f,-0.9961946980917455f,0.0f,0.0f,0.0f,0.0f,1.0f],start_interpolation:0}
return 1