execute if entity @s[tag=aj.maze_npc.bone.bone3] run data modify entity @s {} merge value {transformation:[-0.9991658310781224f,0.0025005934475348835f,0.040760140313486674f,-0.250246875f,0f,0.9981234461314891f,-0.06123386548798256f,0.1384475f,-0.04083677271730684f,-0.06118278610042605f,-0.9972908425725289f,0.040435624999999975f,0f,0f,0f,1f],start_interpolation:0}
execute if entity @s[tag=aj.maze_npc.bone.bone4] run data modify entity @s {} merge value {transformation:[-1f,5.001062299575764e-18f,1.2236252368472277e-16f,0.13926625f,0f,0.9991658310781224f,-0.04083677271730672f,0.123083125f,-1.2246467991473532e-16f,-0.04083677271730672f,-0.9991658310781224f,0.039830625000000015f,0f,0f,0f,1f],start_interpolation:0}
execute if entity @s[tag=aj.maze_npc.bone.bone2] run data modify entity @s {} merge value {transformation:[-0.9650871473849676f,0.25709036806964164f,-0.050113277663330735f,0.350985f,-0.004424769840703127f,-0.207298661613619f,-0.9782676966480388f,0.9109675148753525f,-0.261891617590565f,-0.9438918410172951f,0.201198839700379f,0.02768458590507993f,0f,0f,0f,1f],start_interpolation:0}
execute if entity @s[tag=aj.maze_npc.bone.bone] run data modify entity @s {} merge value {transformation:[-1f,-6.123233995736767e-17f,1.060575238724907e-16f,-0.375f,0f,0.8660254037844386f,0.5f,0.8428016474150521f,-1.2246467991473532e-16f,0.5f,-0.8660254037844386f,0.021720845262892897f,0f,0f,0f,1f],start_interpolation:0}
execute if entity @s[tag=aj.maze_npc.bone.head] run data modify entity @s {} merge value {transformation:[-0.9848077422371356f,-0.022665595035512583f,0.1721626603868612f,-3.994223879888051e-18f,-0.030153650184851177f,0.998703881222337f,-0.041003841429429144f,0.9673259846765204f,-0.17101014066518158f,-0.0455722331373644f,-0.9842147648539664f,0.03261531310635021f,0f,0f,0f,1f],start_interpolation:0}
execute if entity @s[tag=aj.maze_npc.bone.body] run data modify entity @s {} merge value {transformation:[-1f,-1.0673500138322974e-17f,1.2199866483456202e-16f,0f,0f,0.9961946980917455f,0.08715574274765818f,0.59453125f,-1.2246467991473532e-16f,0.08715574274765818f,-0.9961946980917455f,0f,0f,0f,0f,1f],start_interpolation:0}