execute if entity @s[tag=aj.maze_npc.bone.bone3] run data modify entity @s {} merge value {transformation:[-0.9983081582712682f,0.005067655750628041f,0.05792357028206779f,-0.250246875f,-4.336808689942018e-19f,0.9961946980917455f,-0.0871557427476582f,0.1384475f,-0.058144828910475954f,-0.0870082890251791f,-0.9945092943315725f,0.040435624999999975f,0.0f,0.0f,0.0f,1.0f],start_interpolation:0}
execute if entity @s[tag=aj.maze_npc.bone.bone4] run data modify entity @s {} merge value {transformation:[-1.0f,7.12068786121847e-18f,1.2225748905895979e-16f,0.13926625f,0.0f,0.9983081582712682f,-0.05814482891047583f,0.123083125f,-1.2246467991473532e-16f,-0.05814482891047583f,-0.9983081582712682f,0.039830625000000015f,0.0f,0.0f,0.0f,1.0f],start_interpolation:0}
execute if entity @s[tag=aj.maze_npc.bone.bone2] run data modify entity @s {} merge value {transformation:[-0.9994780385577355f,-0.028923807015142015f,-0.014389712593811364f,0.350985f,0.0002763452064329869f,0.4377540496299996f,-0.8990947200745109f,0.9113735715334728f,0.03230439713272101f,-0.8986294038257857f,-0.4375175659394772f,0.02256743916086841f,0.0f,0.0f,0.0f,1.0f],start_interpolation:0}
execute if entity @s[tag=aj.maze_npc.bone.bone] run data modify entity @s {} merge value {transformation:[-1.0f,-4.886897333910273e-17f,1.1229167943975477e-16f,-0.375f,0.0f,0.9169311471514613f,0.3990454502729049f,0.8431202324164402f,-1.2246467991473532e-16f,0.3990454502729049f,-0.9169311471514613f,0.01770602080427096f,0.0f,0.0f,0.0f,1.0f],start_interpolation:0}
execute if entity @s[tag=aj.maze_npc.bone.head] run data modify entity @s {} merge value {transformation:[-0.9848077422371356f,-0.013736135674506397f,0.1731040999125298f,-3.2559419423254356e-18f,-0.032913194372921624f,0.9935617381404572f,-0.10840569237583332f,0.9678043615281344f,-0.17050053508996924f,-0.1124561740414686f,-0.9789193922146957f,0.02658678359011226f,0.0f,0.0f,0.0f,1.0f],start_interpolation:0}
execute if entity @s[tag=aj.maze_npc.bone.body] run data modify entity @s {} merge value {transformation:[-1.0f,-8.70063817573394e-18f,1.2215521569688926e-16f,0.0f,0.0f,0.9974730328935533f,0.07104610228673004f,0.59453125f,-1.2246467991473532e-16f,0.07104610228673004f,-0.9974730328935533f,0.0f,0.0f,0.0f,0.0f,1.0f],start_interpolation:0}
return 1