execute if entity @s[tag=aj.maze_npc.bone.bone3] run data modify entity @s {} merge value {transformation:[-0.9975119674741664f,0.0074470804948456185f,0.07010289393399523f,-0.250246875f,4.336808689942018e-19f,0.9944048293655264f,-0.10563633529481391f,0.1384475f,-0.0704973385725851f,-0.10537350865669055f,-0.9919307178062189f,0.040435624999999975f,0.0f,0.0f,0.0f,1.0f],start_interpolation:0}
execute if entity @s[tag=aj.maze_npc.bone.bone4] run data modify entity @s {} merge value {transformation:[-1.0f,8.633434003132344e-18f,1.2215998380784165e-16f,0.13926625f,0.0f,0.9975119674741664f,-0.07049733857258499f,0.123083125f,-1.2246467991473532e-16f,-0.07049733857258499f,-0.9975119674741664f,0.039830625000000015f,0.0f,0.0f,0.0f,1.0f],start_interpolation:0}
execute if entity @s[tag=aj.maze_npc.bone.bone2] run data modify entity @s {} merge value {transformation:[-0.8761733037740644f,-0.4614565101481329f,-0.13920571466555243f,0.350985f,0.05942829793418254f,0.18318184556089584f,-0.9812811466962718f,0.9119631715049397f,0.478318533153679f,-0.86804510291736f,-0.13307546784776925f,-0.011632765564636473f,0.0f,0.0f,0.0f,1.0f],start_interpolation:0}
execute if entity @s[tag=aj.maze_npc.bone.bone] run data modify entity @s {} merge value {transformation:[-1.0f,-4.765640118052592e-17f,1.1281163616019112e-16f,-0.375f,0.0f,0.9211769159788357f,0.38914404719553564f,0.843582822313618f,-1.2246467991473532e-16f,0.38914404719553564f,-0.9211769159788357f,-0.009126865818954402f,0.0f,0.0f,0.0f,1.0f],start_interpolation:0}
execute if entity @s[tag=aj.maze_npc.bone.head] run data modify entity @s {} merge value {transformation:[-0.9848077422371356f,-0.05222059902136827f,0.1656101442172098f,1.6783299619043551e-18f,-0.051055915091198875f,0.9986320360249655f,0.01128495276162951f,0.9684989714364358f,-0.16597290249916055f,0.002658131389038032f,-0.9861267311930667f,-0.013704604160749645f,0.0f,0.0f,0.0f,1.0f],start_interpolation:0}
execute if entity @s[tag=aj.maze_npc.bone.body] run data modify entity @s {} merge value {transformation:[-1.0f,4.484890086090969e-18f,1.2238252974805784e-16f,0.0f,0.0f,0.9993291929825425f,-0.0366219067343623f,0.59453125f,-1.2246467991473532e-16f,-0.0366219067343623f,-0.9993291929825425f,0.0f,0.0f,0.0f,0.0f,1.0f],start_interpolation:0}
return 1