execute if entity @s[tag=aj.maze_npc.bone.bone3] run data modify entity @s {} merge value {transformation:[-0.9981234461314891f,0.005619980290939152f,0.0609754221316246f,-0.250246875f,-4.336808689942018e-19f,0.99577940483916f,-0.09177895672848038f,0.1384475f,-0.06123386548798271f,-0.09160672857218366f,-0.9939107711448256f,0.040435624999999975f,0.0f,0.0f,0.0f,1.0f],start_interpolation:0}
execute if entity @s[tag=aj.maze_npc.bone.bone4] run data modify entity @s {} merge value {transformation:[-1.0f,7.498985736927745e-18f,1.2223486834588537e-16f,0.13926625f,0.0f,0.9981234461314891f,-0.061233865487982576f,0.123083125f,-1.2246467991473532e-16f,-0.061233865487982576f,-0.9981234461314891f,0.039830625000000015f,0.0f,0.0f,0.0f,1.0f],start_interpolation:0}
execute if entity @s[tag=aj.maze_npc.bone.bone2] run data modify entity @s {} merge value {transformation:[-0.9995953625431598f,-0.027849372326037073f,-0.005789960557252342f,0.3518584145979711f,0.0026889725038069193f,0.11012243460390324f,-0.9939143921001357f,0.9111939613085742f,0.028317496518628683f,-0.9935277861529361f,-0.110002988745591f,-0.0030330831351680536f,0.0f,0.0f,0.0f,1.0f],start_interpolation:0}
execute if entity @s[tag=aj.maze_npc.bone.bone] run data modify entity @s {} merge value {transformation:[-0.9999959233578853f,0.0027889613429939045f,0.0006123416019626184f,-0.374312082723098f,0.0027606430761515323f,0.8895346941519165f,0.4568592855025082f,0.8447747713837264f,0.0007294637868359986f,0.45685911350730823f,-0.8895387671641413f,-0.0019052780719760348f,0.0f,0.0f,0.0f,1.0f],start_interpolation:0}
execute if entity @s[tag=aj.maze_npc.bone.head] run data modify entity @s {} merge value {transformation:[-0.9850539059790694f,-0.009974946229629104f,0.17195727016644222f,0.0010306586482639666f,-0.04368890129576807f,0.9801439114705562f,-0.19341456178573235f,0.9687342789349569f,-0.16661357153289597f,-0.19803639376365711f,-0.9659303828569316f,-0.003271655577388517f,0.0f,0.0f,0.0f,1.0f],start_interpolation:0}
execute if entity @s[tag=aj.maze_npc.bone.body] run data modify entity @s {} merge value {transformation:[-0.9999959233578853f,0.002754160897239827f,-0.0007535684191389784f,0.0f,0.0027606430761515323f,0.9999579896382982f,-0.008740583981585923f,0.59453125f,0.0007294637868359986f,-0.00874262868279186f,-0.9999615164226564f,0.0f,0.0f,0.0f,0.0f,1.0f],start_interpolation:0}
return 1