execute if entity @s[tag=aj.maze_npc.bone.bone3] run data modify entity @s {} merge value {transformation:[-0.9990072962822006f,0.0029754015340121664f,0.04444737293292759f,-0.250246875f,0f,0.9977668786231532f,-0.06679263374512154f,0.1384475f,-0.04454685145919233f,-0.06672632844928114f,-0.996776391733247f,0.040435624999999975f,0f,0f,0f,1f],start_interpolation:0}
execute if entity @s[tag=aj.maze_npc.bone.bone4] run data modify entity @s {} merge value {transformation:[-1f,5.455415905159233e-18f,1.2234310877168486e-16f,0.13926625f,0f,0.9990072962822006f,-0.044546851459192204f,0.123083125f,-1.2246467991473532e-16f,-0.044546851459192204f,-0.9990072962822006f,0.039830625000000015f,0f,0f,0f,1f],start_interpolation:0}
execute if entity @s[tag=aj.maze_npc.bone.bone2] run data modify entity @s {} merge value {transformation:[-0.8584844489456354f,0.5114621512362058f,-0.037562198702172284f,0.34308634405480715f,-0.04664362095415875f,-0.15081087168718013f,-0.9874616213328179f,0.9202915040766535f,-0.5107140330388363f,-0.8459684088863989f,0.15332523479003984f,0.016150344795719626f,0f,0f,0f,1f],start_interpolation:0}
execute if entity @s[tag=aj.maze_npc.bone.bone] run data modify entity @s {} merge value {transformation:[-0.9996851093951526f,-0.024339921803745793f,-0.006103299123364071f,-0.38099235074377713f,-0.02426062253399382f,0.8753399824068806f,0.48289888941080084f,0.8343385429280169f,-0.006411259460105144f,0.48289489892367815f,-0.8756548477257612f,0.008501546025840849f,0f,0f,0f,1f],start_interpolation:0}
execute if entity @s[tag=aj.maze_npc.bone.head] run data modify entity @s {} merge value {transformation:[-0.98249975158065f,-0.058431316190398014f,0.17686158269171715f,-0.009175229564780413f,-0.06141494675583145f,0.9980467780922654f,-0.011438227774724169f,0.9682789228375823f,-0.1758477820700044f,-0.022100000631353284f,-0.9841692677142253f,0.016375746165828067f,0f,0f,0f,1f],start_interpolation:0}
execute if entity @s[tag=aj.maze_npc.bone.body] run data modify entity @s {} merge value {transformation:[-0.9996851093951526f,-0.024518358753484192f,0.005341548243455414f,0f,-0.02426062253399382f,0.9987411716745414f,0.04390323674203635f,0.59453125f,-0.006411259460105144f,0.0437598227395823f,-0.9990215081097782f,0f,0f,0f,0f,1f],start_interpolation:0}