execute if entity @s[tag=aj.maze_npc.bone.bone3] run data modify entity @s {} merge value {transformation:[-0.9993105875595288f,0.002066930408377395f,0.03706854987878689f,-0.250246875f,-2.168404344971009e-19f,0.9984490448188217f,-0.055673197324948194f,0.1384475f,-0.037126130843776146f,-0.05563481553011158f,-0.997760701626147f,0.040435624999999975f,0.0f,0.0f,0.0f,1.0f],start_interpolation:0}
execute if entity @s[tag=aj.maze_npc.bone.bone4] run data modify entity @s {} merge value {transformation:[-1.0f,4.546639730255613e-18f,1.2238025124088378e-16f,0.13926625f,0.0f,0.9993105875595288f,-0.03712613084377602f,0.123083125f,-1.2246467991473532e-16f,-0.03712613084377602f,-0.9993105875595288f,0.039830625000000015f,0.0f,0.0f,0.0f,1.0f],start_interpolation:0}
execute if entity @s[tag=aj.maze_npc.bone.bone2] run data modify entity @s {} merge value {transformation:[-0.9999869826243156f,0.004343693622999588f,-0.0026771080713923964f,0.3518781777886842f,0.0015144726827573318f,-0.2483545338741911f,-0.9686680194352583f,0.9098382257289384f,-0.004872469026026064f,-0.9686594643267789f,0.24834472254458645f,0.02919032892561912f,0.0f,0.0f,0.0f,1.0f],start_interpolation:0}
execute if entity @s[tag=aj.maze_npc.bone.bone] run data modify entity @s {} merge value {transformation:[-0.9999959233578853f,0.0028132697371886038f,0.0004886522240072995f,-0.3742965768669204f,0.002760643076151533f,0.9088316749591246f,0.4171538870019051f,0.8437110847949643f,0.0007294637868359987f,0.41715353540917993f,-0.9088357364112647f,0.02337665136032828f,0.0f,0.0f,0.0f,1.0f],start_interpolation:0}
execute if entity @s[tag=aj.maze_npc.bone.head] run data modify entity @s {} merge value {transformation:[-0.9850092064334992f,-0.02375957311616388f,0.1708576774001858f,0.001053941736380136f,-0.026481680665890298f,0.9995558227851545f,-0.01367032279803286f,0.9671370818314551f,-0.1704569852788618f,-0.01798999226320752f,-0.9852008812156084f,0.03469086541970793f,0.0f,0.0f,0.0f,1.0f],start_interpolation:0}
execute if entity @s[tag=aj.maze_npc.bone.body] run data modify entity @s {} merge value {transformation:[-0.9999959233578853f,0.0028163787527485887f,-0.00047040230789699655f,0.0f,0.002760643076151533f,0.9956899055203808f,0.09270378036855471f,0.59453125f,0.0007294637868359987f,0.09270210383554518f,-0.9956936214654825f,0.0f,0.0f,0.0f,0.0f,1.0f],start_interpolation:0}
return 1