execute if entity @s[tag=aj.maze_npc.bone.bone3] run data modify entity @s {} merge value {transformation:[-0.9987436645827857f,0.0037646665159514077f,0.04996918792387614f,-0.250246875f,2.168404344971009e-19f,0.9971739852847511f,-0.07512684654187836f,0.1384475f,-0.05011080178711946f,-0.07503246202378418f,-0.9959212002899132f,0.040435624999999975f,0f,0f,0f,1f],start_interpolation:0}
execute if entity @s[tag=aj.maze_npc.bone.bone4] run data modify entity @s {} merge value {transformation:[-1f,6.136803301130315e-18f,1.2231082320000064e-16f,0.13926625f,0f,0.9987436645827857f,-0.05011080178711933f,0.123083125f,-1.2246467991473532e-16f,-0.05011080178711933f,-0.9987436645827857f,0.039830625000000015f,0f,0f,0f,1f],start_interpolation:0}
execute if entity @s[tag=aj.maze_npc.bone.bone2] run data modify entity @s {} merge value {transformation:[-0.7561639923849225f,0.6532020455584184f,0.03928236625755411f,0.33785096484279725f,-0.08942498946871674f,-0.04368115275574074f,-0.9950352396535762f,0.9261030667833047f,-0.648243154903324f,-0.7559226445690244f,0.09144270090476242f,0.002381621256548436f,0f,0f,0f,1f],start_interpolation:0}
execute if entity @s[tag=aj.maze_npc.bone.bone] run data modify entity @s {} merge value {transformation:[-0.9991254054017963f,-0.04079992214618667f,-0.009153722388257691f,-0.3847359198873897f,-0.04042584069121053f,0.8865801899911675f,0.4608050760567143f,0.8283847122852239f,-0.010685302293573663f,0.4607721053493696f,-0.8874541628990223f,-0.005080893344670797f,0f,0f,0f,1f],start_interpolation:0}
execute if entity @s[tag=aj.maze_npc.bone.head] run data modify entity @s {} merge value {transformation:[-0.9803115400546847f,-0.08131562739694297f,0.17993624753410256f,-0.015111613419316628f,-0.08536778824489176f,0.9962384027596528f,-0.014879032128171365f,0.9684412815635766f,-0.17804950200937833f,-0.029946846377162502f,-0.9835657381315572f,-0.0016125407135239565f,0f,0f,0f,1f],start_interpolation:0}
execute if entity @s[tag=aj.maze_npc.bone.body] run data modify entity @s {} merge value {transformation:[-0.9991254054017963f,-0.04038176446080435f,0.010850685680098861f,0f,-0.04042584069121053f,0.9991750321531901f,-0.0038738257679432207f,0.59453125f,-0.010685302293573663f,-0.004309085831546272f,-0.9999336258443314f,0f,0f,0f,0f,1f],start_interpolation:0}