execute if entity @s[tag=aj.maze_npc.bone.bone3] run data modify entity @s {} merge value {transformation:[-0.9996621681051667f,0.0010131818415937922f,0.025971582967412782f,-0.250246875f,1.0842021724855044e-19f,0.9992399317373538f,-0.0389815189741036f,0.1384475f,-0.025991338158650873f,-0.03896834977368511f,-0.998902356617822f,0.040435624999999975f,0f,0f,0f,1f],start_interpolation:0}
execute if entity @s[tag=aj.maze_npc.bone.bone4] run data modify entity @s {} merge value {transformation:[-1f,3.1830209081548104e-18f,1.2242330743986957e-16f,0.13926625f,0f,0.9996621681051667f,-0.02599133815865075f,0.123083125f,-1.2246467991473532e-16f,-0.02599133815865075f,-0.9996621681051667f,0.039830625000000015f,0f,0f,0f,1f],start_interpolation:0}
execute if entity @s[tag=aj.maze_npc.bone.bone2] run data modify entity @s {} merge value {transformation:[-0.8804904239399377f,-0.4726816951167561f,0.03617496996016599f,0.35120840503579037f,0.00023018384064689423f,-0.07673447994030026f,-0.9970515365835867f,0.9106863493183577f,0.47406387793784543f,-0.8778860032429279f,0.06767277846143098f,0.02806110577321641f,0f,0f,0f,1f],start_interpolation:0}
execute if entity @s[tag=aj.maze_npc.bone.bone] run data modify entity @s {} merge value {transformation:[-0.999999745209666f,0.0007035982413568311f,-0.00012054093895574041f,-0.3748245545794116f,0.0006901617630349182f,0.9960721426270095f,0.08854270359086266f,0.8430299149564631f,0.00018236596187142605f,0.08854259783829069f,-0.9960723744340583f,0.022134862790713295f,0f,0f,0f,1f],start_interpolation:0}
execute if entity @s[tag=aj.maze_npc.bone.head] run data modify entity @s {} merge value {transformation:[-0.9848593319227232f,-0.04954206831376571f,0.16612549410587585f,0.00026329965438275164f,-0.02923582868600748f,0.992034903853516f,0.12252353185158985f,0.9672801221237013f,-0.1708723577579757f,0.11581162723811153f,-0.9784632360751686f,0.03313430028479785f,0f,0f,0f,1f],start_interpolation:0}
execute if entity @s[tag=aj.maze_npc.bone.body] run data modify entity @s {} merge value {transformation:[-0.999999745209666f,0.0007035982413568311f,-0.00012054093895574041f,0f,0.0006901617630349182f,0.9960721426270095f,0.08854270359086266f,0.59453125f,0.00018236596187142605f,0.08854259783829069f,-0.9960723744340583f,0f,0f,0f,0f,1f],start_interpolation:0}