execute if entity @s[tag=aj.maze_npc.bone.bone3] run data modify entity @s {} merge value {transformation:[-0.9999569070801313f,0.00012927365288949015f,0.009282632765570467f,-0.250246875f,0f,0.9999030418007683f,-0.013925049284329208f,0.1384475f,-0.009283532880201041f,-0.01392444921329623f,-0.9998599530591115f,0.040435624999999975f,0f,0f,0f,1f],start_interpolation:0}
execute if entity @s[tag=aj.maze_npc.bone.bone4] run data modify entity @s {} merge value {transformation:[-1f,1.136904882651726e-18f,1.22459402554097e-16f,0.13926625f,0f,0.9999569070801313f,-0.009283532880200916f,0.123083125f,-1.2246467991473532e-16f,-0.009283532880200916f,-0.9999569070801313f,0.039830625000000015f,0f,0f,0f,1f],start_interpolation:0}
execute if entity @s[tag=aj.maze_npc.bone.bone2] run data modify entity @s {} merge value {transformation:[-0.8120628291472655f,0.48497243298278137f,0.32458542906929894f,0.34308634405480715f,-0.04682263916054943f,0.5002659948842545f,-0.8646048662970317f,0.9202915040766535f,-0.5816885781751093f,-0.7173114202417448f,-0.38353972989951257f,0.016150344795719616f,0f,0f,0f,1f],start_interpolation:0}
execute if entity @s[tag=aj.maze_npc.bone.bone] run data modify entity @s {} merge value {transformation:[-0.9996851093951526f,-0.024336114024634793f,0.006118464495418062f,-0.38099235074377713f,-0.02426062253399384f,0.9996321504463275f,0.012123777807016532f,0.8343385429280169f,-0.006411259460105153f,0.011971522385678862f,-0.9999077849501444f,0.008501546025840835f,0f,0f,0f,1f],start_interpolation:0}
execute if entity @s[tag=aj.maze_npc.bone.head] run data modify entity @s {} merge value {transformation:[-0.98249975158065f,-0.04188825272342581f,0.18149273381526818f,-0.009175229564780422f,-0.06141494675583148f,0.9927480997784421f,-0.1033412536273411f,0.9682789228375823f,-0.1758477820700044f,-0.11267912260073054f,-0.9779473262251857f,0.01637574616582805f,0f,0f,0f,1f],start_interpolation:0}
execute if entity @s[tag=aj.maze_npc.bone.body] run data modify entity @s {} merge value {transformation:[-0.9996851093951526f,-0.024518358753484213f,0.005341548243455422f,0f,-0.02426062253399384f,0.9987411716745414f,0.043903236742036306f,0.59453125f,-0.006411259460105153f,0.04375982273958226f,-0.9990215081097782f,0f,0f,0f,0f,1f],start_interpolation:0}