execute if entity @s[tag=aj.maze_npc.bone.bone3] run data modify entity @s {} merge value {transformation:[-0.9998276320345244f,0.0005170221940394578f,0.018559065393667824f,-0.250246875f,0f,0.999612186004858f,-0.027847398273252753f,0.1384475f,-0.018566265651324933f,-0.027842598273868608f,-0.9994398848860918f,0.040435624999999975f,0f,0f,0f,1f],start_interpolation:0}
execute if entity @s[tag=aj.maze_npc.bone.bone4] run data modify entity @s {} merge value {transformation:[-1f,2.2737117802014378e-18f,1.224435709270158e-16f,0.13926625f,0f,0.9998276320345244f,-0.018566265651324812f,0.123083125f,-1.2246467991473532e-16f,-0.018566265651324812f,-0.9998276320345244f,0.039830625000000015f,0f,0f,0f,1f],start_interpolation:0}
execute if entity @s[tag=aj.maze_npc.bone.bone2] run data modify entity @s {} merge value {transformation:[-0.9994818943552677f,-0.032175571119920275f,0.0008218753631021884f,0.35165499534227806f,-0.0007766912860288711f,-0.0014167708878852353f,-0.9999986947545969f,0.9101217048022981f,0.032176693531991894f,-0.9994812281295523f,0.0013910463651790744f,0.028813978179019716f,0f,0f,0f,1f],start_interpolation:0}
execute if entity @s[tag=aj.maze_npc.bone.bone] run data modify entity @s {} merge value {transformation:[-0.9999977068879625f,0.0020938291255061534f,0.00044955356710966034f,-0.37447284190450675f,0.002070483698709126f,0.8916450565321943f,0.45273039025335293f,0.843484633949845f,0.0005470978613544948f,0.4527302828851777f,-0.8916473471292543f,0.022962766545995723f,0f,0f,0f,1f],start_interpolation:0}
execute if entity @s[tag=aj.maze_npc.bone.head] run data modify entity @s {} merge value {transformation:[-0.9849600643751766f,-0.03395676639083637f,0.1694125426357984f,0.0007902721864938737f,-0.027399842763304934f,0.9987877552505222f,0.040893380615558854f,0.9671856709329f,-0.1705957801429866f,0.03563646977326686f,-0.9846964617685517f,0.03417207749901614f,0f,0f,0f,1f],start_interpolation:0}
execute if entity @s[tag=aj.maze_npc.bone.body] run data modify entity @s {} merge value {transformation:[-0.9999977068879625f,0.0021117920641172405f,-0.00035574301743017796f,0f,0.002070483698709126f,0.9958197469605677f,0.09131672716783167f,0.59453125f,0.0005470978613544948f,0.09131578120822685f,-0.9958218358653627f,0f,0f,0f,0f,1f],start_interpolation:0}