execute if entity @s[tag=aj.maze_npc.bone.bone3] run data modify entity @s {} merge value {transformation:[-0.9965114786067516f,0.010432114533537417f,0.08280123182262997f,-0.250246875f,-8.673617379884035e-19f,0.9921565337739618f,-0.1250016499476602f,0.1384475f,-0.08345581468648997f,-0.12456557901762644f,-0.9886953744804401f,0.040435624999999975f,0.0f,0.0f,0.0f,1.0f],start_interpolation:0}
execute if entity @s[tag=aj.maze_npc.bone.bone4] run data modify entity @s {} merge value {transformation:[-1.0f,1.0220389632604444e-17f,1.2203745925893546e-16f,0.13926625f,0.0f,0.9965114786067516f,-0.08345581468648983f,0.123083125f,-1.2246467991473532e-16f,-0.08345581468648983f,-0.9965114786067516f,0.039830625000000015f,0.0f,0.0f,0.0f,1.0f],start_interpolation:0}
execute if entity @s[tag=aj.maze_npc.bone.bone2] run data modify entity @s {} merge value {transformation:[-0.9853433378740172f,-0.17035745666065144f,0.00876604057740602f,0.350985f,0.003205151899643762f,-0.06986924978046748f,-0.9975510086889869f,0.9113473951519215f,0.17055272940821167f,-0.9829021441095901f,0.06939122131927358f,0.022931990669731308f,0.0f,0.0f,0.0f,1.0f],start_interpolation:0}
execute if entity @s[tag=aj.maze_npc.bone.bone] run data modify entity @s {} merge value {transformation:[-1.0f,-4.256753935861306e-17f,1.148285784096081e-16f,-0.375f,0.0f,0.9376464992972356f,0.34759033697103714f,0.8430996948821181f,-1.2246467991473532e-16f,0.34759033697103714f,-0.9376464992972356f,0.01799204158643163f,0.0f,0.0f,0.0f,1.0f],start_interpolation:0}
execute if entity @s[tag=aj.maze_npc.bone.head] run data modify entity @s {} merge value {transformation:[-0.9848077422371356f,-0.029377324983638486f,0.17114521204696684f,-3.3085380095789547e-18f,-0.03271699054092612f,0.9993247030303166f,-0.016725323414353024f,0.9677735230361586f,-0.17053829294249584f,-0.02207058427354032f,-0.9851038422166895f,0.02701626307178925f,0.0f,0.0f,0.0f,1.0f],start_interpolation:0}
execute if entity @s[tag=aj.maze_npc.bone.body] run data modify entity @s {} merge value {transformation:[-1.0f,-8.841187165471945e-18f,1.2214512366903426e-16f,0.0f,0.0f,0.9973906252323237f,0.07219377188286062f,0.59453125f,-1.2246467991473532e-16f,0.07219377188286062f,-0.9973906252323237f,0.0f,0.0f,0.0f,0.0f,1.0f],start_interpolation:0}
return 1