execute if entity @s[tag=aj.maze_npc.bone.bone3] run data modify entity @s {} merge value {transformation:[-0.997103810323477f,0.00866551213608065f,0.07555726528814591f,-0.250246875f,8.673617379884035e-19f,0.993487506392263f,-0.1139411016380092f,0.1384475f,-0.07605255707998135f,-0.11361110659571354f,-0.9906101781324951f,0.040435624999999975f,0.0f,0.0f,0.0f,1.0f],start_interpolation:0}
execute if entity @s[tag=aj.maze_npc.bone.bone4] run data modify entity @s {} merge value {transformation:[-1.0f,9.313752059497038e-18f,1.2210999897302757e-16f,0.13926625f,0.0f,0.997103810323477f,-0.07605255707998122f,0.123083125f,-1.2246467991473532e-16f,-0.07605255707998122f,-0.997103810323477f,0.039830625000000015f,0.0f,0.0f,0.0f,1.0f],start_interpolation:0}
execute if entity @s[tag=aj.maze_npc.bone.bone2] run data modify entity @s {} merge value {transformation:[-0.9125304922254476f,-0.4051292419857385f,-0.056199626750034336f,0.350985f,0.03385954678292803f,0.062106058562607286f,-0.9974950468957089f,0.9121692639391457f,0.40760474954352155f,-0.9121475400273131f,-0.04295617966817023f,0.002106685974489671f,0.0f,0.0f,0.0f,1.0f],start_interpolation:0}
execute if entity @s[tag=aj.maze_npc.bone.bone] run data modify entity @s {} merge value {transformation:[-1.0f,-7.903595023208617e-18f,1.2220937366801162e-16f,-0.375f,0.0f,0.9979152662881946f,0.06453775103737182f,0.8437445188579907f,-1.2246467991473532e-16f,0.06453775103737182f,-0.9979152662881946f,0.001652869225723126f,0.0f,0.0f,0.0f,1.0f],start_interpolation:0}
execute if entity @s[tag=aj.maze_npc.bone.head] run data modify entity @s {} merge value {transformation:[-0.9848077422371356f,-0.045470145094903346f,0.16758930972721378f,-3.0394442075392204e-19f,-0.04383000565202698f,0.9989481305801523f,0.013474532086945538f,0.9687417696958543f,-0.16802571658629772f,0.005924383129683593f,-0.9857648098051554f,0.0024818945427003115f,0.0f,0.0f,0.0f,1.0f],start_interpolation:0}
execute if entity @s[tag=aj.maze_npc.bone.body] run data modify entity @s {} merge value {transformation:[-1.0f,-8.122105606785389e-19f,1.2246198651264686e-16f,0.0f,0.0f,0.9999780067029094f,0.006632202535817115f,0.59453125f,-1.2246467991473532e-16f,0.006632202535817115f,-0.9999780067029094f,0.0f,0.0f,0.0f,0.0f,1.0f],start_interpolation:0}
return 1