execute if entity @s[tag=aj.maze_npc.bone.bone3] run data modify entity @s {} merge value {transformation:[-0.9982354205260345f,0.005285177867413003f,0.05914484002954854f,-0.250246875f,0f,0.9960311560501454f,-0.08900525926826482f,0.1384475f,-0.05938051201540013f,-0.08884820241468507f,-0.9942735799167491f,0.040435624999999975f,0f,0f,0f,1f],start_interpolation:0}
execute if entity @s[tag=aj.maze_npc.bone.bone4] run data modify entity @s {} merge value {transformation:[-1f,7.272015397139056e-18f,1.2224858125427203e-16f,0.13926625f,0f,0.9982354205260345f,-0.059380512015400004f,0.123083125f,-1.2246467991473532e-16f,-0.059380512015400004f,-0.9982354205260345f,0.039830625000000015f,0f,0f,0f,1f],start_interpolation:0}
execute if entity @s[tag=aj.maze_npc.bone.bone2] run data modify entity @s {} merge value {transformation:[-0.9910459511338732f,0.1307568694791381f,0.02702894421120242f,0.350985f,-0.016367253035708955f,0.08193625854898612f,-0.996503167362281f,0.91217625f,-0.1325142851515327f,-0.9880228188756618f,-0.07906246651710869f,4.2983265679873376e-17f,0f,0f,0f,1f],start_interpolation:0}
execute if entity @s[tag=aj.maze_npc.bone.bone] run data modify entity @s {} merge value {transformation:[-1f,-5.736094606231367e-17f,1.0820036826857346e-16f,-0.375f,0f,0.8835230561489792f,0.46838766983468694f,0.84375f,-1.2246467991473532e-16f,0.46838766983468694f,-0.8835230561489792f,-4.592425496802574e-17f,0f,0f,0f,1f],start_interpolation:0}
execute if entity @s[tag=aj.maze_npc.bone.head] run data modify entity @s {} merge value {transformation:[-0.9848077422371356f,-0.007574381064042503f,0.17348296625689863f,0f,-0.044943422269317315f,0.9761244975193525f,-0.21251130355186654f,0.96875f,-0.1677313316721637f,-0.21707969525980175f,-0.9616353811509819f,0f,0f,0f,0f,1f],start_interpolation:0}
execute if entity @s[tag=aj.maze_npc.bone.body] run data modify entity @s {} merge value {transformation:[-1f,0f,1.2246467991473532e-16f,0f,0f,1f,0f,0.59453125f,-1.2246467991473532e-16f,0f,-1f,0f,0f,0f,0f,1f],start_interpolation:0}