execute if entity @s[tag=aj.maze_npc.bone.bone3] run data modify entity @s {} merge value {transformation:[-0.9992399317373538f,0.0022786162809828496f,0.03891486514652786f,-0.250246875f,0.0f,0.9982901172317029f,-0.05845375811282738f,0.1384475f,-0.03898151897410373f,-0.058409329266453425f,-0.9975313485966818f,0.040435624999999975f,0.0f,0.0f,0.0f,1.0f],start_interpolation:0}
execute if entity @s[tag=aj.maze_npc.bone.bone4] run data modify entity @s {} merge value {transformation:[-1.0f,4.773859243753779e-18f,1.22371598398237e-16f,0.13926625f,0.0f,0.9992399317373538f,-0.0389815189741036f,0.123083125f,-1.2246467991473532e-16f,-0.0389815189741036f,-0.9992399317373538f,0.039830625000000015f,0.0f,0.0f,0.0f,1.0f],start_interpolation:0}
execute if entity @s[tag=aj.maze_npc.bone.bone2] run data modify entity @s {} merge value {transformation:[-0.9919244780831062f,0.12352448456069907f,-0.028766847126004948f,0.3515503524569867f,-0.0008005828354356453f,-0.23290793187448533f,-0.972498459812186f,0.9102543201281592f,-0.12682739785504124f,-0.9646219969417885f,0.23112597034810986f,0.028637543997661004f,0.0f,0.0f,0.0f,1.0f],start_interpolation:0}
execute if entity @s[tag=aj.maze_npc.bone.bone] run data modify entity @s {} merge value {transformation:[-0.9999983675010701f,0.001759690936469315f,0.0004104668110137557f,-0.374555372542218f,0.0017469710556898854f,0.8835072601242071f,0.46841420708593706f,0.843378276534716f,0.00046161382715190024f,0.46841415947388343f,-0.8835088919286833f,0.02276874252463537f,0.0f,0.0f,0.0f,1.0f],start_interpolation:0}
execute if entity @s[tag=aj.maze_npc.bone.head] run data modify entity @s {} merge value {transformation:[-0.9849367480363213f,-0.022148987465254403f,0.17149059659905674f,0.000666718854725029f,-0.027830192635538462f,0.999138197961016f,-0.03079515794865023f,0.967208134119908f,-0.17066072408584593f,-0.03510389906374359f,-0.9847043381264334f,0.033928872368646334f,0.0f,0.0f,0.0f,1.0f],start_interpolation:0}
execute if entity @s[tag=aj.maze_npc.bone.body] run data modify entity @s {} merge value {transformation:[-0.9999983675010701f,0.0017816286723341065f,-0.0003013212052827779f,0.0f,0.0017469710556898854f,0.995879773848606f,0.09066655464602097f,0.59453125f,0.00046161382715190024f,0.09066588023354344f,-0.9958812605296634f,0.0f,0.0f,0.0f,0.0f,1.0f],start_interpolation:0}
return 1