execute if entity @s[tag=aj.maze_npc.bone.bone3] run data modify entity @s {} merge value {transformation:[-0.9998603811858571f,0.0004188028366481543f,0.01670457239969694f,-0.250246875f,0.0f,0.9996858668058646f,-0.02506327409990816f,0.1384475f,-0.01670982150930109f,-0.02505977479529979f,-0.9995462918506257f,0.040435624999999975f,0.0f,0.0f,0.0f,1.0f],start_interpolation:0}
execute if entity @s[tag=aj.maze_npc.bone.bone4] run data modify entity @s {} merge value {transformation:[-1.0f,2.046362942568902e-18f,1.2244758154135122e-16f,0.13926625f,0.0f,0.9998603811858571f,-0.016709821509300966f,0.123083125f,-1.2246467991473532e-16f,-0.016709821509300966f,-0.9998603811858571f,0.039830625000000015f,0.0f,0.0f,0.0f,1.0f],start_interpolation:0}
execute if entity @s[tag=aj.maze_npc.bone.bone2] run data modify entity @s {} merge value {transformation:[-0.9593596558276277f,0.2821802732100787f,0.001828710305438849f,0.35198974021701646f,-0.0012669978687734895f,0.0021730713969829174f,-0.9999968362335475f,0.9096961969649531f,-0.2821833543756548f,-0.9593589376097922f,-0.0017272352227311744f,0.029378482543106148f,0.0f,0.0f,0.0f,1.0f],start_interpolation:0}
execute if entity @s[tag=aj.maze_npc.bone.bone] run data modify entity @s {} merge value {transformation:[-0.9999948405009821f,0.0032018774629739215f,0.00025875109177155085f,-0.37420834265837977f,0.0031057221933250777f,0.9430927713979325f,0.33251523127012517f,0.8438240829230822f,0.0008206467408583027f,0.33251431926712427f,-0.9430978496536018f,0.023583576692591517f,0.0f,0.0f,0.0f,1.0f],start_interpolation:0}
execute if entity @s[tag=aj.maze_npc.bone.head] run data modify entity @s {} merge value {transformation:[-0.9850334712665797f,-0.02025260768691743f,0.17116919222334434f,0.0011858216038400943f,-0.02602255784248199f,0.9991639101588827f,-0.03153263578178529f,0.9671124463046405f,-0.1703874612987912f,-0.03551496188779962f,-0.9847369194430872f,0.03495023374584534f,0.0f,0.0f,0.0f,1.0f],start_interpolation:0}
execute if entity @s[tag=aj.maze_npc.bone.body] run data modify entity @s {} merge value {transformation:[-0.9999948405009821f,0.0031687925948127777f,-0.0005269961161649967f,0.0f,0.0031057221933250777f,0.9956240736324425f,0.0933973152354955f,0.59453125f,0.0008206467408583027f,0.0933951966486055f,-0.9956287781005002f,0.0f,0.0f,0.0f,0.0f,1.0f],start_interpolation:0}
return 1