execute if entity @s[tag=aj.maze_npc.bone.bone3] run data modify entity @s {} merge value {transformation:[-0.9990882858372934f,0.0027328569335535683f,0.04260432602071673f,-0.250246875f,2.168404344971009e-19f,0.9979490328110109f,-0.06401349788574283f,0.1384475f,-0.04269188567747731f,-0.063955135873116f,-0.9970391885441376f,0.040435624999999975f,0f,0f,0f,1f],start_interpolation:0}
execute if entity @s[tag=aj.maze_npc.bone.bone4] run data modify entity @s {} merge value {transformation:[-1f,5.2282481144487175e-18f,1.2235302713162573e-16f,0.13926625f,0f,0.9990882858372934f,-0.04269188567747719f,0.123083125f,-1.2246467991473532e-16f,-0.04269188567747719f,-0.9990882858372934f,0.039830625000000015f,0f,0f,0f,1f],start_interpolation:0}
execute if entity @s[tag=aj.maze_npc.bone.bone2] run data modify entity @s {} merge value {transformation:[-0.9183716802779992f,0.39213810897068185f,-0.05311459645203074f,0.34781331329869286f,-0.020739546986920845f,-0.18173471014287054f,-0.9831288655715812f,0.9148216059747113f,-0.39517506001029684f,-0.901776135535968f,0.17503277785510296f,0.02299572159724651f,0f,0f,0f,1f],start_interpolation:0}
execute if entity @s[tag=aj.maze_npc.bone.bone] run data modify entity @s {} merge value {transformation:[-0.9999489125221852f,-0.009767291289520337f,-0.0026023770988949377f,-0.3774552241915594f,-0.009772611194575051f,0.8684039974686434f,0.495761024336242f,0.8394696213915095f,-0.002582327659081841f,0.49576112917547893f,-0.8684550848388852f,0.01636255793380436f,0f,0f,0f,1f],start_interpolation:0}
execute if entity @s[tag=aj.maze_npc.bone.head] run data modify entity @s {} merge value {transformation:[-0.9839931301954331f,-0.03565094456843657f,0.17460392286421228f,-0.003715451335296036f,-0.042788625314042504f,0.9983881553787417f,-0.03728571768342233f,0.9678255609164845f,-0.17299321741596696f,-0.04415995188869273f,-0.9839325410704031f,0.026023560677287973f,0f,0f,0f,1f],start_interpolation:0}
execute if entity @s[tag=aj.maze_npc.bone.body] run data modify entity @s {} merge value {transformation:[-0.9999489125221852f,-0.009928554716448696f,0.0018963509542479285f,0f,-0.009772611194575051f,0.9975296826160757f,0.06956312507579676f,0.59453125f,-0.002582327659081841f,0.06954103897062339f,-0.9975757492455134f,0f,0f,0f,0f,1f],start_interpolation:0}