execute if entity @s[tag=aj.maze_npc.bone.bone3] run data modify entity @s {} merge value {transformation:[-0.9986489006814453f,0.004048278917001684f,0.051807186813712554f,-0.250246875f,-4.336808689942018e-19f,0.9969608823569432f,-0.07790378071740328f,0.1384475f,-0.05196511491126284f,-0.07779852497236317f,-0.9956138891881651f,0.040435624999999975f,0.0f,0.0f,0.0f,1.0f],start_interpolation:0}
execute if entity @s[tag=aj.maze_npc.bone.bone4] run data modify entity @s {} merge value {transformation:[-1.0f,6.3638911643402295e-18f,1.222992179691555e-16f,0.13926625f,0.0f,0.9986489006814453f,-0.051965114911262725f,0.123083125f,-1.2246467991473532e-16f,-0.051965114911262725f,-0.9986489006814453f,0.039830625000000015f,0.0f,0.0f,0.0f,1.0f],start_interpolation:0}
execute if entity @s[tag=aj.maze_npc.bone.bone2] run data modify entity @s {} merge value {transformation:[-0.7865878654628233f,0.615332398786625f,0.05143509414920101f,0.34013207182085775f,-0.08376347100084211f,-0.02380440588314441f,-0.9962013005344055f,0.9237672157309915f,-0.611770554074426f,-0.7879082365758387f,0.07026663435387524f,0.0016336578687892744f,0.0f,0.0f,0.0f,1.0f],start_interpolation:0}
execute if entity @s[tag=aj.maze_npc.bone.bone] run data modify entity @s {} merge value {transformation:[-0.999397995341035f,-0.03382240877461916f,-0.007726032164259638f,-0.3831234891263451f,-0.03354192194484235f,0.8850562078965903f,0.46427410905191935f,0.8310291847175094f,-0.008864895970439407f,0.46425375984303013f,-0.8856578685310955f,-0.004483782507048064f,0.0f,0.0f,0.0f,1.0f],start_interpolation:0}
execute if entity @s[tag=aj.maze_npc.bone.head] run data modify entity @s {} merge value {transformation:[-0.981196960144362f,-0.06679174059973955f,0.1810839274787261f,-0.01253694789462656f,-0.0786801081015792f,0.9951361090474636f,-0.05927533263507324f,0.9685358846678036f,-0.17624405236088747f,-0.07240847918256443f,-0.9816797064979396f,-0.0017409870914916734f,0.0f,0.0f,0.0f,1.0f],start_interpolation:0}
execute if entity @s[tag=aj.maze_npc.bone.body] run data modify entity @s {} merge value {transformation:[-0.999397995341035f,-0.033501656169356984f,0.00901587168446815f,0.0f,-0.03354192194484235f,0.9994278337678257f,-0.00435253516901201f,0.59453125f,-0.008864895970439407f,-0.004652324586867102f,-0.9999498834918537f,0.0f,0.0f,0.0f,0.0f,1.0f],start_interpolation:0}
return 1