execute if entity @s[tag=aj.maze_npc.bone.bone3] run data modify entity @s {} merge value {transformation:[-0.9998896833611601f,0.0003309164502228244f,0.01484963306691187f,-0.250246875f,0f,0.999751793267259f,-0.02227895551635369f,0.1384475f,-0.014853319760880074f,-0.022276497776864263f,-0.9996415040097517f,0.040435624999999975f,0f,0f,0f,1f],start_interpolation:0}
execute if entity @s[tag=aj.maze_npc.bone.bone4] run data modify entity @s {} merge value {transformation:[-1f,1.8190070501873764e-18f,1.2245117002287052e-16f,0.13926625f,0f,0.9998896833611601f,-0.014853319760879951f,0.123083125f,-1.2246467991473532e-16f,-0.014853319760879951f,-0.9998896833611601f,0.039830625000000015f,0f,0f,0f,1f],start_interpolation:0}
execute if entity @s[tag=aj.maze_npc.bone.bone2] run data modify entity @s {} merge value {transformation:[-0.8488676746151897f,0.5279289111357607f,0.02673454283151941f,0.3518781777886842f,0.0012092082395057588f,0.052514819069618454f,-0.9986194127862318f,0.9098382257289384f,-0.5286040189109743f,-0.8476634111279636f,-0.045216508335683116f,0.02919032892561912f,0f,0f,0f,1f],start_interpolation:0}
execute if entity @s[tag=aj.maze_npc.bone.bone] run data modify entity @s {} merge value {transformation:[-0.9999959233578853f,0.0028490549029972266f,-0.00019014144712806413f,-0.3742965768669204f,0.0027606430761515284f,0.9816791635623207f,0.19052138640422647f,0.8437110847949643f,0.0007294637868359976f,0.19052008480404942f,-0.981683026831391f,0.02337665136032828f,0f,0f,0f,1f],start_interpolation:0}
execute if entity @s[tag=aj.maze_npc.bone.head] run data modify entity @s {} merge value {transformation:[-0.9850092064334992f,-0.009860209053785372f,0.17221974195388853f,0.0010539417363801342f,-0.026481680665890316f,0.9951740667914383f,-0.09448437635344621f,0.9671370818314551f,-0.17045698527886186f,-0.09762864878305703f,-0.980516732700894f,0.03469086541970793f,0f,0f,0f,1f],start_interpolation:0}
execute if entity @s[tag=aj.maze_npc.bone.body] run data modify entity @s {} merge value {transformation:[-0.9999959233578853f,0.002816378752748584f,-0.0004704023078969959f,0f,0.0027606430761515284f,0.9956899055203808f,0.09270378036855471f,0.59453125f,0.0007294637868359976f,0.09270210383554518f,-0.9956936214654825f,0f,0f,0f,0f,1f],start_interpolation:0}