execute if entity @s[tag=aj.maze_npc.bone.bone3] run data modify entity @s {} merge value {transformation:[-0.9978891747762282f,0.006320226639260533f,0.06463164549697539f,-0.250246875f,0.0f,0.9952527323156989f,-0.09732419441298117f,0.1384475f,-0.06493993274109788f,-0.09711876004853097f,-0.9931519277442992f,0.040435624999999975f,0.0f,0.0f,0.0f,1.0f],start_interpolation:0}
execute if entity @s[tag=aj.maze_npc.bone.bone4] run data modify entity @s {} merge value {transformation:[-1.0f,7.952848076822978e-18f,1.2220617837935014e-16f,0.13926625f,0.0f,0.9978891747762282f,-0.06493993274109777f,0.123083125f,-1.2246467991473532e-16f,-0.06493993274109777f,-0.9978891747762282f,0.039830625000000015f,0.0f,0.0f,0.0f,1.0f],start_interpolation:0}
execute if entity @s[tag=aj.maze_npc.bone.bone2] run data modify entity @s {} merge value {transformation:[-0.9510199322939675f,-0.29710164199369943f,-0.08539146739707139f,0.3516350619199241f,0.04030523347727487f,0.15470174886959104f,-0.987138722293393f,0.9112354011715755f,0.30649074461379716f,-0.9422303238706224f,-0.13514969568867907f,-0.011835544316296862f,0.0f,0.0f,0.0f,1.0f],start_interpolation:0}
execute if entity @s[tag=aj.maze_npc.bone.bone] run data modify entity @s {} merge value {transformation:[-0.9999977068879625f,0.002108996197556069f,0.00037195948060629775f,-0.37448848132147305f,0.0020704836987091215f,0.9077486628274801f,0.4195093303279146f,0.8443584207780047f,0.0005470978613544938f,0.41950913848206056f,-0.907750947900342f,-0.008930142784797073f,0.0f,0.0f,0.0f,1.0f],start_interpolation:0}
execute if entity @s[tag=aj.maze_npc.bone.head] run data modify entity @s {} merge value {transformation:[-0.9850020083427036f,-0.03403425522526666f,0.16915292794421852f,0.0007667885478516352f,-0.049022213839467435f,0.9951542199931155f,-0.08523438848358889f,0.9684977207469707f,-0.16543236113626045f,-0.09224829484145075f,-0.9818973398414556f,-0.01371727538327147f,0.0f,0.0f,0.0f,1.0f],start_interpolation:0}
execute if entity @s[tag=aj.maze_npc.bone.body] run data modify entity @s {} merge value {transformation:[-0.9999977068879625f,0.002049038290710006f,-0.0006226242042541243f,0.0f,0.0020704836987091215f,0.9993258508478549f,-0.03665456212348399f,0.59453125f,0.0005470978613544938f,-0.03665576720373169f,-0.9993278017820959f,0.0f,0.0f,0.0f,0.0f,1.0f],start_interpolation:0}
return 1