execute if entity @s[tag=aj.maze_npc.bone.bone3] run data modify entity @s {} merge value {transformation:[-0.9980080307489239f,0.005964999125733557f,0.0628043736222658f,-0.250246875f,4.336808689942018e-19f,0.995519929590114f,-0.09455194227986198f,0.1384475f,-0.06308700785942505f,-0.09436359771821097f,-0.993536884501537f,0.040435624999999975f,0f,0f,0f,1f],start_interpolation:0}
execute if entity @s[tag=aj.maze_npc.bone.bone4] run data modify entity @s {} merge value {transformation:[-1f,7.725930224282864e-18f,1.2222073403800228e-16f,0.13926625f,0f,0.9980080307489239f,-0.06308700785942492f,0.123083125f,-1.2246467991473532e-16f,-0.06308700785942492f,-0.9980080307489239f,0.039830625000000015f,0f,0f,0f,1f],start_interpolation:0}
execute if entity @s[tag=aj.maze_npc.bone.bone2] run data modify entity @s {} merge value {transformation:[-0.9836150018067221f,-0.17449142421390074f,-0.045324067520097905f,0.3519635335295455f,0.021901748089304448f,0.133887027485626f,-0.9907545494731255f,0.911002785533643f,0.17894647705779093f,-0.9755137142792343f,-0.12787162156529386f,-0.007500300818939924f,0f,0f,0f,1f],start_interpolation:0}
execute if entity @s[tag=aj.maze_npc.bone.bone] run data modify entity @s {} merge value {transformation:[-0.9999948405009821f,0.003150685720186554f,0.0006262195365890761f,-0.37422890397020003f,0.00310572219332508f,0.8984615504687331f,0.4390412245097017f,0.8448492096206635f,0.0008206467408583029f,0.4390409041408476f,-0.8984667000118111f,-0.005350876206115904f,0f,0f,0f,1f],start_interpolation:0}
execute if entity @s[tag=aj.maze_npc.bone.head] run data modify entity @s {} merge value {transformation:[-0.985090809434374f,-0.020381238931284348f,0.17082359985539491f,0.001154947408348228f,-0.04568104986215185f,0.9883010628262752f,-0.14551374814754284f,0.9686517431326702f,-0.16585939482411535f,-0.15114765732911914f,-0.9744973303362597f,-0.008496797409267055f,0f,0f,0f,1f],start_interpolation:0}
execute if entity @s[tag=aj.maze_npc.bone.body] run data modify entity @s {} merge value {transformation:[-0.9999948405009821f,0.0030862895254399406f,-0.0008909480234856608f,0f,0.00310572219332508f,0.9997374346760289f,-0.022702779500553192f,0.59453125f,0.0008206467408583029f,-0.022705429402634297f,-0.9997418616895907f,0f,0f,0f,0f,1f],start_interpolation:0}