execute if entity @s[tag=aj.launchpad.bone.petal4] run data modify entity @s {} merge value {transformation:[1.115653134784549f,-0.43704681173422844f,0.7361027303972955f,0.0f,0.8560707595435132f,0.5695704941714005f,-0.9593077552714447f,0.0f,-1.5754119810205842e-16f,1.0748275218362366f,0.6381581295442172f,0.0f,0.0f,0.0f,0.0f,1.0f],start_interpolation:0}
execute if entity @s[tag=aj.launchpad.bone.petal] run data modify entity @s {} merge value {transformation:[-1.40625f,-1.313350073224901e-16f,-7.864389649358045e-17f,0.0f,0.0f,-0.7224481672338288f,1.2064856850209544f,0.0f,-1.7221595613009655e-16f,1.0724317200186262f,0.6421761486522922f,0.0f,0.0f,0.0f,0.0f,1.0f],start_interpolation:0}
execute if entity @s[tag=aj.launchpad.bone.petal2] run data modify entity @s {} merge value {transformation:[-0.4228675305528841f,0.6847000035796155f,-1.1532163800441702f,0.0f,-1.3411644619896943f,-0.2158850818740883f,0.36360772794333257f,0.0f,2.113175268069642e-16f,1.0748275218362369f,0.6381581295442169f,0.0f,0.0f,0.0f,0.0f,1.0f],start_interpolation:0}
execute if entity @s[tag=aj.launchpad.bone.petal3] run data modify entity @s {} merge value {transformation:[1.1519325622813947f,0.41178652399397364f,-0.6935577071252118f,0.0f,-0.8065918636186585f,0.588092103445258f,-0.9905030569915024f,0.0f,4.589483022942462e-16f,1.0748275218362366f,0.638158129544217f,0.0f,0.0f,0.0f,0.0f,1.0f],start_interpolation:0}
execute if entity @s[tag=aj.launchpad.bone.petal5] run data modify entity @s {} merge value {transformation:[-0.480965826551722f,-0.6746315458806434f,1.136258427248006f,0.0f,1.3214427479801834f,-0.2455458017975479f,0.413564245952404f,0.0f,-3.5232055890489025e-16f,1.0748275218362369f,0.6381581295442169f,0.0f,0.0f,0.0f,0.0f,1.0f],start_interpolation:0}
execute if entity @s[tag=aj.launchpad.bone.petal6] run data modify entity @s {} merge value {transformation:[-0.8308504678941933f,0.23946407572122638f,-0.7955937760182511f,1.5308084989341916e-18f,-0.8308504678941935f,-0.2394640757212262f,0.795593776018251f,-2.7755575615628915e-18f,8.273602728767315e-17f,0.9575655388805387f,0.2882156115626348f,-0.0125f,0.0f,0.0f,0.0f,1.0f],start_interpolation:0}
execute if entity @s[tag=aj.launchpad.bone.petal7] run data modify entity @s {} merge value {transformation:[0.5425546205511651f,0.3003891844528937f,-0.9980109325965858f,1.5308084989341916e-18f,-1.0422377289844105f,0.15637271176828765f,-0.5195316076002024f,-2.7755575615628915e-18f,2.978670427123644e-16f,0.9575655388805386f,0.2882156115626351f,-0.0125f,0.0f,0.0f,0.0f,1.0f],start_interpolation:0}
execute if entity @s[tag=aj.launchpad.bone.petal9] run data modify entity @s {} merge value {transformation:[0.15336827585856072f,-0.33575611728549454f,1.1155137837183107f,1.5308084989341916e-18f,1.1649477121142273f,0.04420313142088225f,-0.14686017571968152f,-2.7755575615628915e-18f,-3.23154884529516e-16f,0.9575655388805385f,0.28821561156263514f,-0.0125f,0.0f,0.0f,0.0f,1.0f],start_interpolation:0}
execute if entity @s[tag=aj.launchpad.bone.petal10] run data modify entity @s {} merge value {transformation:[-1.0422377289844107f,-0.1563727117682875f,0.5195316076002023f,1.5308084989341916e-18f,0.5425546205511649f,-0.30038918445289364f,0.9980109325965859f,-2.7755575615628915e-18f,-2.481086362456702e-16f,0.9575655388805386f,0.288215611562635f,-0.0125f,0.0f,0.0f,0.0f,1.0f],start_interpolation:0}
execute if entity @s[tag=aj.launchpad.bone.petal8] run data modify entity @s {} merge value {transformation:[1.1571491097893447f,-0.058806535974538554f,0.195378425217328f,1.5308084989341916e-18f,0.2040366087586436f,0.333508438347095f,-1.1080461108805695f,-2.7755575615628915e-18f,1.3137940315030102e-17f,0.9575655388805385f,0.2882156115626354f,-0.0125f,0.0f,0.0f,0.0f,1.0f],start_interpolation:0}
execute if entity @s[tag=aj.launchpad.bone.tentacle] run data modify entity @s {} merge value {transformation:[-0.9659258262890683f,0.022557566113149716f,0.2578341604962995f,-1.9900510486144486e-17f,0.25881904510252074f,0.08418598282936943f,0.9622501868990583f,0.22500000000000003f,-1.7749589323070687e-16f,0.9961946980917455f,-0.08715574274765837f,0.16249999999999995f,0.0f,0.0f,0.0f,1.0f],start_interpolation:0}
execute if entity @s[tag=aj.launchpad.bone.tentacle1] run data modify entity @s {} merge value {transformation:[0.7933533402912352f,-0.4304593345768795f,-0.43045933457687935f,-5.0516680464828325e-17f,-0.6087614290087207f,-0.560985526796931f,-0.5609855267969309f,-0.2749999999999999f,1.2130765141337543e-16f,0.7071067811865476f,-0.7071067811865475f,0.41250000000000003f,0.0f,0.0f,0.0f,1.0f],start_interpolation:0}
execute if entity @s[tag=aj.launchpad.bone.tentacle2] run data modify entity @s {} merge value {transformation:[0.38268343236508984f,-0.853553390593274f,0.35355339059327306f,-0.18750000000000006f,0.9238795325112866f,0.35355339059327406f,-0.14644660940672585f,-0.03749999999999991f,-4.725495927901261e-17f,0.382683432365089f,0.923879532511287f,0.4125f,0.0f,0.0f,0.0f,1.0f],start_interpolation:0}
execute if entity @s[tag=aj.launchpad.bone.tentacle3] run data modify entity @s {} merge value {transformation:[-0.2164396139381033f,0.8659851347040227f,-0.45080332739453016f,0.12499999999999994f,-0.9762960071199331f,-0.1919842822920093f,0.09994069158504568f,-0.4187499999999999f,1.902750531490324e-16f,0.4617486132350344f,0.8870108331782214f,0.4125000000000001f,0.0f,0.0f,0.0f,1.0f],start_interpolation:0}
execute if entity @s[tag=aj.launchpad.bone.large_cog] run data modify entity @s {} merge value {transformation:[-2.669161188369647e-16f,-1.4721275064750475e-16f,1.2020833333333334f,-7.652725999361874e-17f,1.2020833333333334f,2.6691611883696473e-16f,2.6691611883696473e-16f,1.3875400828311512e-16f,-2.669161188369648e-16f,1.2020833333333334f,1.472127506475047e-16f,0.6248925f,0.0f,0.0f,0.0f,1.0f],start_interpolation:0}
execute if entity @s[tag=aj.launchpad.bone.shaft] run data modify entity @s {} merge value {transformation:[1.0f,-1.2246467991473532e-16f,1.224646799147353e-16f,0.0f,1.2246467991473532e-16f,2.220446049250313e-16f,-1.0f,0.0f,1.224646799147353e-16f,1.0f,2.220446049250313e-16f,0.0f,0.0f,0.0f,0.0f,1.0f],start_interpolation:0}
return 1