execute if entity @s[tag=aj.launchpad.bone.petal4] run data modify entity @s {} merge value {transformation:[0.9914448613738106f,0.1260786200725192f,-0.033782664431261836f,0f,-0.13052619222005174f,0.9576621969425488f,-0.25660481229257054f,0f,3.937731192260729e-17f,0.2588190451025204f,0.9659258262890684f,0f,0f,0f,0f,1f],start_interpolation:0}
execute if entity @s[tag=aj.launchpad.bone.petal] run data modify entity @s {} merge value {transformation:[-0.7071067811865475f,-0.6830127018922194f,0.18301270189221935f,0f,0.7071067811865476f,-0.6830127018922192f,0.18301270189221966f,0f,-2.4360485149192685e-16f,0.258819045102521f,0.9659258262890683f,0f,0f,0f,0f,1f],start_interpolation:0}
execute if entity @s[tag=aj.launchpad.bone.petal2] run data modify entity @s {} merge value {transformation:[-0.8870108331782219f,0.4460149107768813f,-0.119509335154905f,0f,-0.4617486132350339f,-0.8567866719650288f,0.22957529683877909f,0f,-6.098709365619471e-18f,0.2588190451025212f,0.9659258262890683f,0f,0f,0f,0f,1f],start_interpolation:0}
execute if entity @s[tag=aj.launchpad.bone.petal3] run data modify entity @s {} merge value {transformation:[0.17364817766693036f,0.9512512425641977f,-0.25488700224417904f,0f,-0.9848077530122081f,0.1677312594965208f,-0.044943455527547554f,0f,3.5095931940297696e-16f,0.2588190451025208f,0.9659258262890683f,0f,0f,0f,0f,1f],start_interpolation:0}
execute if entity @s[tag=aj.launchpad.bone.petal5] run data modify entity @s {} merge value {transformation:[0.4226182617406994f,-0.875426098065593f,0.23456971600980459f,0f,0.90630778703665f,0.4082178936767349f,-0.10938165494661496f,0f,-1.4948494436283578e-16f,0.25881904510252074f,0.9659258262890683f,0f,0f,0f,0f,1f],start_interpolation:0}
execute if entity @s[tag=aj.launchpad.bone.petal6] run data modify entity @s {} merge value {transformation:[-0.38268343236508984f,0.7791920946816268f,-0.49640011097796105f,1.5308084989341916e-18f,-0.9238795325112866f,-0.32275193331103064f,0.20561565833058118f,-2.7755575615628915e-18f,1.5827726174152827e-16f,0.537299608346824f,0.8433914458128855f,-0.0125f,0f,0f,0f,1f],start_interpolation:0}
execute if entity @s[tag=aj.launchpad.bone.petal7] run data modify entity @s {} merge value {transformation:[0.7660444431189778f,0.5421215714841394f,-0.34536953093476885f,1.5308084989341916e-18f,-0.6427876096865395f,0.6460753304390416f,-0.4115953792640873f,-2.7755575615628915e-18f,1.8102975713932234e-16f,0.5372996083468237f,0.8433914458128858f,-0.0125f,0f,0f,0f,1f],start_interpolation:0}
execute if entity @s[tag=aj.launchpad.bone.petal9] run data modify entity @s {} merge value {transformation:[-0.2588190451025207f,-0.8146535791819436f,0.5189915681571988f,1.5308084989341916e-18f,0.9659258262890684f,-0.21828576865292526f,0.1390633715662836f,-2.7755575615628915e-18f,-4.1270826369333175e-16f,0.537299608346824f,0.8433914458128858f,-0.0125f,0f,0f,0f,1f],start_interpolation:0}
execute if entity @s[tag=aj.launchpad.bone.petal10] run data modify entity @s {} merge value {transformation:[-0.9961946980917454f,-0.07350640788684332f,0.04682874644349308f,1.5308084989341916e-18f,0.08715574274765803f,-0.8401820867347283f,0.5352550211218774f,-2.7755575615628915e-18f,-8.583997606865556e-17f,0.5372996083468239f,0.8433914458128856f,-0.0125f,0f,0f,0f,1f],start_interpolation:0}
execute if entity @s[tag=aj.launchpad.bone.petal8] run data modify entity @s {} merge value {transformation:[0.8433914458128857f,-0.4531538935183248f,0.2886908691296503f,1.5308084989341916e-18f,0.5372996083468238f,0.7113091308703497f,-0.4531538935183248f,-2.7755575615628915e-18f,-1.8255226950121717e-16f,0.5372996083468238f,0.8433914458128857f,-0.0125f,0f,0f,0f,1f],start_interpolation:0}
execute if entity @s[tag=aj.launchpad.bone.tentacle] run data modify entity @s {} merge value {transformation:[-0.000009659258262890684f,-0.0000011950933515490475f,0.000002295752968387786f,-1.9900510486144486e-17f,0.000002588190451025207f,-0.000004460149107768814f,0.00000856786671965029f,0.22500000000000003f,-1.7576116975473005e-21f,0.00000887010833178222f,0.000004617486132350337f,0.16249999999999995f,0f,0f,0f,1f],start_interpolation:0}
execute if entity @s[tag=aj.launchpad.bone.tentacle1] run data modify entity @s {} merge value {transformation:[0.000007933533402912356f,2.6553800585006776e-7f,-0.0000060818202301879285f,-5.0516680464828325e-17f,-0.000006087614290087208f,3.4605586667746706e-7f,-0.000007925982437039853f,-0.2749999999999999f,1.3518543922118995e-21f,0.000009990482215818578f,4.361938736533601e-7f,0.41250000000000003f,0f,0f,0f,1f],start_interpolation:0}
execute if entity @s[tag=aj.launchpad.bone.tentacle2] run data modify entity @s {} merge value {transformation:[0.000003826834323650896f,0.000001205904774487391f,0.000009159756150367533f,-0.18750000000000006f,0.000009238795325112867f,-4.99502112523145e-7f,-0.0000037940952255126046f,-0.03749999999999991f,-1.2358279222199216e-21f,0.000009914448613738106f,-0.00000130526192220051f,0.4125f,0f,0f,0f,1f],start_interpolation:0}
execute if entity @s[tag=aj.launchpad.bone.tentacle3] run data modify entity @s {} merge value {transformation:[-0.000002164396139381031f,0.0000016953202249987674f,-0.000009614638770465722f,0.12499999999999994f,-0.000009762960071199333f,-3.7584344535285313e-7f,0.0000021315140986521315f,-0.4187499999999999f,1.76397265341218e-21f,0.00000984807753012208f,0.0000017364817766693021f,0.4125000000000001f,0f,0f,0f,1f],start_interpolation:0}
execute if entity @s[tag=aj.launchpad.bone.large_cog] run data modify entity @s {} merge value {transformation:[-1.2020833333333334f,-1.4721275064750475e-16f,3.268779705745234e-32f,-1.1479747246697352e-16f,0f,2.6691611883696473e-16f,1.2020833333333334f,2.081429473221874e-16f,-1.4721275064750475e-16f,1.2020833333333334f,-2.6691611883696473e-16f,0.9373925f,0f,0f,0f,1f],start_interpolation:0}
execute if entity @s[tag=aj.launchpad.bone.shaft] run data modify entity @s {} merge value {transformation:[-1f,-1.2246467991473532e-16f,2.719262146893782e-32f,0f,0f,2.220446049250313e-16f,1f,0f,-1.2246467991473532e-16f,1f,-2.220446049250313e-16f,0f,0f,0f,0f,1f],start_interpolation:0}
execute if entity @s[tag=aj.launchpad.bone.root] run data modify entity @s {} merge value {transformation:[-1f,-1.2246467991473532e-16f,2.719262146893782e-32f,0f,0f,2.220446049250313e-16f,1f,0f,-1.2246467991473532e-16f,1f,-2.220446049250313e-16f,0f,0f,0f,0f,1f],start_interpolation:0}